19 	 1 
20 	 1 
17 	 1 
18 	 1 
19 	 1 
20 	 1 
21 	 50 
22 	 19 
23 	 74 
24 	 62 
21 	 61 
22 	 79 
23 	 109 
24 	 62 
17 	 1 
18 	 1 
19 	 1 
20 	 16 
21 	 57 
22 	 78 
23 	 111 
24 	 64 
25 	 212 
26 	 115 
27 	 317 
28 	 213 
25 	 227 
26 	 327 
27 	 414 
28 	 211 
29 	 408 
30 	 270 
31 	 615 
32 	 441 
29 	 459 
30 	 590 
31 	 744 
32 	 472 
25 	 239 
26 	 332 
27 	 441 
28 	 441 
29 	 500 
30 	 566 
31 	 710 
32 	 455 
17 	 1 
18 	 1 
19 	 1 
20 	 31 
21 	 66 
22 	 83 
23 	 129 
24 	 147 
25 	 251 
26 	 325 
27 	 420 
28 	 428 
29 	 492 
30 	 559 
31 	 713 
32 	 449 
33 	 561 
34 	 410 
35 	 522 
36 	 385 
33 	 581 
34 	 765 
35 	 798 
36 	 456 
37 	 575 
38 	 373 
39 	 526 
40 	 370 
37 	 606 
38 	 712 
39 	 747 
40 	 463 
33 	 586 
34 	 775 
35 	 824 
36 	 777 
37 	 803 
38 	 763 
39 	 760 
40 	 479 
41 	 508 
42 	 332 
43 	 474 
44 	 302 
41 	 532 
42 	 678 
43 	 650 
44 	 357 
45 	 458 
46 	 298 
47 	 495 
48 	 323 
45 	 494 
46 	 608 
47 	 653 
48 	 390 
41 	 544 
42 	 702 
43 	 670 
44 	 649 
45 	 651 
46 	 668 
47 	 675 
48 	 404 
33 	 599 
34 	 784 
35 	 831 
36 	 796 
37 	 828 
38 	 788 
39 	 791 
40 	 773 
41 	 748 
42 	 757 
43 	 688 
44 	 647 
45 	 654 
46 	 669 
47 	 681 
48 	 410 
49 	 490 
50 	 284 
51 	 586 
52 	 327 
49 	 511 
50 	 615 
51 	 745 
52 	 389 
53 	 749 
54 	 445 
55 	 792 
56 	 526 
53 	 774 
54 	 958 
55 	 1032 
56 	 638 
49 	 528 
50 	 634 
51 	 766 
52 	 860 
53 	 965 
54 	 1025 
55 	 1050 
56 	 655 
57 	 917 
58 	 554 
59 	 1088 
60 	 660 
57 	 969 
58 	 1304 
59 	 1413 
60 	 756 
61 	 1106 
62 	 694 
63 	 1112 
64 	 745 
61 	 1141 
62 	 1457 
63 	 1529 
64 	 861 
57 	 986 
58 	 1322 
59 	 1462 
60 	 1442 
61 	 1556 
62 	 1561 
63 	 1549 
64 	 861 
49 	 552 
50 	 650 
51 	 776 
52 	 868 
53 	 978 
54 	 1029 
55 	 1097 
56 	 1171 
57 	 1252 
58 	 1394 
59 	 1482 
60 	 1459 
61 	 1568 
62 	 1562 
63 	 1557 
64 	 880 
65 	 908 
66 	 589 
67 	 704 
68 	 460 
65 	 944 
66 	 1124 
67 	 972 
68 	 515 
69 	 681 
70 	 408 
71 	 519 
72 	 303 
69 	 730 
70 	 818 
71 	 701 
72 	 346 
65 	 956 
66 	 1147 
67 	 1021 
68 	 952 
69 	 955 
70 	 880 
71 	 712 
72 	 348 
73 	 498 
74 	 321 
75 	 438 
76 	 275 
73 	 542 
74 	 597 
75 	 544 
76 	 318 
77 	 401 
78 	 282 
79 	 391 
80 	 222 
77 	 458 
78 	 551 
79 	 492 
80 	 257 
73 	 558 
74 	 618 
75 	 591 
76 	 609 
77 	 567 
78 	 590 
79 	 515 
80 	 275 
65 	 959 
66 	 1147 
67 	 1025 
68 	 955 
69 	 957 
70 	 897 
71 	 770 
72 	 716 
73 	 702 
74 	 668 
75 	 610 
76 	 630 
77 	 570 
78 	 596 
79 	 527 
80 	 278 
81 	 288 
82 	 197 
83 	 302 
84 	 192 
81 	 328 
82 	 373 
83 	 352 
84 	 225 
85 	 302 
86 	 214 
87 	 359 
88 	 272 
85 	 347 
86 	 394 
87 	 436 
88 	 339 
81 	 368 
82 	 407 
83 	 403 
84 	 414 
85 	 402 
86 	 422 
87 	 446 
88 	 366 
89 	 408 
90 	 289 
91 	 416 
92 	 276 
89 	 459 
90 	 564 
91 	 505 
92 	 322 
93 	 483 
94 	 309 
95 	 501 
96 	 337 
93 	 530 
94 	 599 
95 	 617 
96 	 428 
89 	 502 
90 	 614 
91 	 551 
92 	 602 
93 	 620 
94 	 639 
95 	 645 
96 	 473 
81 	 383 
82 	 424 
83 	 417 
84 	 442 
85 	 439 
86 	 475 
87 	 544 
88 	 553 
89 	 585 
90 	 642 
91 	 572 
92 	 619 
93 	 624 
94 	 644 
95 	 655 
96 	 513 
97 	 504 
98 	 345 
99 	 497 
100 	 373 
97 	 554 
98 	 683 
99 	 677 
100 	 489 
101 	 459 
102 	 396 
103 	 515 
104 	 337 
101 	 503 
102 	 660 
103 	 698 
104 	 426 
97 	 601 
98 	 724 
99 	 721 
100 	 713 
101 	 714 
102 	 716 
103 	 721 
104 	 487 
105 	 400 
106 	 283 
107 	 320 
108 	 213 
105 	 435 
106 	 479 
107 	 448 
108 	 265 
109 	 298 
110 	 210 
111 	 286 
112 	 206 
109 	 355 
110 	 391 
111 	 364 
112 	 241 
105 	 488 
106 	 510 
107 	 485 
108 	 426 
109 	 440 
110 	 430 
111 	 393 
112 	 312 
97 	 624 
98 	 738 
99 	 736 
100 	 731 
101 	 734 
102 	 740 
103 	 753 
104 	 791 
105 	 669 
106 	 550 
107 	 503 
108 	 446 
109 	 452 
110 	 444 
111 	 412 
112 	 350 
113 	 268 
114 	 149 
115 	 258 
116 	 173 
113 	 307 
114 	 385 
115 	 344 
116 	 215 
117 	 248 
118 	 181 
119 	 282 
120 	 185 
117 	 293 
118 	 391 
119 	 378 
120 	 202 
113 	 334 
114 	 410 
115 	 400 
116 	 391 
117 	 377 
118 	 413 
119 	 390 
120 	 217 
121 	 295 
122 	 177 
123 	 248 
124 	 166 
121 	 336 
122 	 350 
123 	 329 
124 	 184 
125 	 220 
126 	 173 
127 	 269 
128 	 159 
125 	 265 
126 	 306 
127 	 336 
128 	 207 
121 	 346 
122 	 370 
123 	 360 
124 	 364 
125 	 330 
126 	 336 
127 	 349 
128 	 232 
113 	 345 
114 	 419 
115 	 403 
116 	 394 
117 	 387 
118 	 433 
119 	 423 
120 	 426 
121 	 451 
122 	 392 
123 	 376 
124 	 365 
125 	 340 
126 	 340 
127 	 348 
128 	 244 
129 	 329 
130 	 190 
131 	 288 
132 	 168 
129 	 347 
130 	 365 
131 	 370 
132 	 197 
133 	 355 
134 	 197 
135 	 305 
136 	 211 
133 	 380 
134 	 491 
135 	 415 
136 	 254 
129 	 362 
130 	 371 
131 	 392 
132 	 462 
133 	 488 
134 	 514 
135 	 424 
136 	 268 
137 	 289 
138 	 167 
139 	 330 
140 	 174 
137 	 321 
138 	 356 
139 	 410 
140 	 219 
141 	 360 
142 	 224 
143 	 618 
144 	 329 
141 	 382 
142 	 625 
143 	 757 
144 	 388 
137 	 344 
138 	 365 
139 	 440 
140 	 400 
141 	 468 
142 	 652 
143 	 779 
144 	 427 
129 	 370 
130 	 377 
131 	 398 
132 	 467 
133 	 496 
134 	 525 
135 	 442 
136 	 468 
137 	 417 
138 	 397 
139 	 453 
140 	 404 
141 	 473 
142 	 662 
143 	 786 
144 	 448 
145 	 1033 
146 	 530 
147 	 1261 
148 	 668 
145 	 1062 
146 	 1461 
147 	 1610 
148 	 781 
149 	 1361 
150 	 745 
151 	 1540 
152 	 803 
149 	 1394 
150 	 1719 
151 	 1952 
152 	 939 
145 	 1092 
146 	 1479 
147 	 1645 
148 	 1719 
149 	 1810 
150 	 1799 
151 	 1985 
152 	 964 
153 	 1700 
154 	 931 
155 	 1476 
156 	 842 
153 	 1753 
154 	 2165 
155 	 2035 
156 	 970 
157 	 1303 
158 	 747 
159 	 1309 
160 	 754 
157 	 1373 
158 	 1815 
159 	 1770 
160 	 899 
153 	 1777 
154 	 2190 
155 	 2091 
156 	 1968 
157 	 1865 
158 	 1919 
159 	 1803 
160 	 947 
145 	 1114 
146 	 1495 
147 	 1660 
148 	 1739 
149 	 1820 
150 	 1828 
151 	 2050 
152 	 2100 
153 	 2296 
154 	 2291 
155 	 2128 
156 	 1985 
157 	 1893 
158 	 1942 
159 	 1829 
160 	 987 
161 	 1295 
162 	 880 
163 	 1208 
164 	 710 
161 	 1384 
162 	 1690 
163 	 1632 
164 	 837 
165 	 990 
166 	 571 
167 	 812 
168 	 524 
165 	 1063 
166 	 1214 
167 	 1097 
168 	 663 
161 	 1407 
162 	 1725 
163 	 1711 
164 	 1618 
165 	 1444 
166 	 1326 
167 	 1147 
168 	 744 
169 	 836 
170 	 507 
171 	 672 
172 	 460 
169 	 912 
170 	 996 
171 	 936 
172 	 580 
173 	 649 
174 	 393 
175 	 600 
176 	 387 
173 	 743 
174 	 888 
175 	 813 
176 	 474 
169 	 977 
170 	 1050 
171 	 1022 
172 	 1034 
173 	 955 
174 	 951 
175 	 851 
176 	 534 
161 	 1433 
162 	 1745 
163 	 1735 
164 	 1659 
165 	 1484 
166 	 1370 
167 	 1223 
168 	 1244 
169 	 1239 
170 	 1145 
171 	 1064 
172 	 1069 
173 	 992 
174 	 979 
175 	 899 
176 	 620 
177 	 634 
178 	 392 
179 	 570 
180 	 358 
177 	 717 
178 	 775 
179 	 763 
180 	 461 
181 	 546 
182 	 362 
183 	 462 
184 	 299 
181 	 630 
182 	 614 
183 	 619 
184 	 402 
177 	 755 
178 	 812 
179 	 822 
180 	 792 
181 	 800 
182 	 681 
183 	 672 
184 	 472 
185 	 489 
186 	 303 
187 	 420 
188 	 307 
185 	 557 
186 	 600 
187 	 571 
188 	 380 
189 	 418 
190 	 291 
191 	 403 
192 	 295 
189 	 499 
190 	 582 
191 	 521 
192 	 369 
185 	 606 
186 	 645 
187 	 636 
188 	 632 
189 	 630 
190 	 656 
191 	 577 
192 	 445 
177 	 795 
178 	 833 
179 	 841 
180 	 810 
181 	 827 
182 	 719 
183 	 734 
184 	 716 
185 	 724 
186 	 723 
187 	 689 
188 	 663 
189 	 657 
190 	 682 
191 	 608 
192 	 515 
193 	 415 
194 	 318 
195 	 468 
196 	 278 
193 	 486 
194 	 557 
195 	 592 
196 	 365 
197 	 480 
198 	 314 
199 	 539 
200 	 353 
197 	 558 
198 	 677 
199 	 676 
200 	 434 
193 	 551 
194 	 615 
195 	 680 
196 	 682 
197 	 682 
198 	 728 
199 	 722 
200 	 493 
201 	 500 
202 	 312 
203 	 551 
204 	 328 
201 	 574 
202 	 702 
203 	 729 
204 	 402 
205 	 504 
206 	 277 
207 	 510 
208 	 316 
205 	 570 
206 	 663 
207 	 642 
208 	 403 
201 	 618 
202 	 763 
203 	 812 
204 	 822 
205 	 743 
206 	 732 
207 	 686 
208 	 464 
193 	 592 
194 	 640 
195 	 701 
196 	 715 
197 	 713 
198 	 782 
199 	 798 
200 	 775 
201 	 752 
202 	 805 
203 	 838 
204 	 833 
205 	 755 
206 	 739 
207 	 693 
208 	 487 
209 	 582 
210 	 352 
211 	 566 
212 	 298 
209 	 673 
210 	 738 
211 	 728 
212 	 383 
213 	 575 
214 	 338 
215 	 621 
216 	 357 
213 	 651 
214 	 793 
215 	 778 
216 	 438 
209 	 709 
210 	 778 
211 	 798 
212 	 790 
213 	 821 
214 	 865 
215 	 814 
216 	 483 
217 	 646 
218 	 344 
219 	 639 
220 	 370 
217 	 720 
218 	 840 
219 	 838 
220 	 453 
221 	 662 
222 	 383 
223 	 703 
224 	 392 
221 	 708 
222 	 889 
223 	 910 
224 	 479 
217 	 741 
218 	 871 
219 	 899 
220 	 922 
221 	 920 
222 	 951 
223 	 935 
224 	 506 
209 	 742 
210 	 796 
211 	 811 
212 	 815 
213 	 846 
214 	 903 
215 	 886 
216 	 959 
217 	 942 
218 	 946 
219 	 941 
220 	 943 
221 	 934 
222 	 961 
223 	 943 
224 	 553 
225 	 834 
226 	 415 
227 	 885 
228 	 455 
225 	 895 
226 	 1004 
227 	 1123 
228 	 554 
229 	 943 
230 	 493 
231 	 986 
232 	 536 
229 	 1003 
230 	 1212 
231 	 1270 
232 	 642 
225 	 911 
226 	 1027 
227 	 1182 
228 	 1219 
229 	 1289 
230 	 1305 
231 	 1311 
232 	 690 
233 	 973 
234 	 515 
235 	 833 
236 	 465 
233 	 1048 
234 	 1133 
235 	 1114 
236 	 592 
237 	 761 
238 	 482 
239 	 861 
240 	 463 
237 	 829 
238 	 1055 
239 	 1108 
240 	 594 
233 	 1084 
234 	 1183 
235 	 1213 
236 	 1201 
237 	 1080 
238 	 1120 
239 	 1139 
240 	 639 
225 	 934 
226 	 1037 
227 	 1190 
228 	 1234 
229 	 1300 
230 	 1333 
231 	 1366 
232 	 1358 
233 	 1370 
234 	 1262 
235 	 1242 
236 	 1210 
237 	 1092 
238 	 1139 
239 	 1149 
240 	 711 
241 	 754 
242 	 421 
243 	 830 
244 	 457 
241 	 834 
242 	 1030 
243 	 1060 
244 	 611 
245 	 894 
246 	 469 
247 	 903 
248 	 605 
245 	 974 
246 	 1174 
247 	 1146 
248 	 739 
241 	 866 
242 	 1070 
243 	 1114 
244 	 1298 
245 	 1206 
246 	 1249 
247 	 1194 
248 	 860 
249 	 1119 
250 	 578 
251 	 934 
252 	 562 
249 	 1201 
250 	 1308 
251 	 1238 
252 	 698 
253 	 847 
254 	 431 
255 	 793 
256 	 387 
253 	 906 
254 	 1105 
255 	 1016 
256 	 451 
249 	 1246 
250 	 1342 
251 	 1300 
252 	 1345 
253 	 1195 
254 	 1187 
255 	 1045 
256 	 468 
241 	 954 
242 	 1115 
243 	 1142 
244 	 1346 
245 	 1248 
246 	 1298 
247 	 1264 
248 	 1381 
249 	 1500 
250 	 1423 
251 	 1341 
252 	 1364 
253 	 1217 
254 	 1207 
255 	 1058 
256 	 496 
257 	 756 
258 	 396 
259 	 806 
260 	 415 
257 	 805 
258 	 1013 
259 	 1029 
260 	 525 
261 	 814 
262 	 451 
263 	 802 
264 	 404 
261 	 870 
262 	 1012 
263 	 1007 
264 	 475 
257 	 824 
258 	 1030 
259 	 1083 
260 	 1051 
261 	 1117 
262 	 1076 
263 	 1032 
264 	 505 
265 	 739 
266 	 420 
267 	 706 
268 	 400 
265 	 793 
266 	 917 
267 	 890 
268 	 509 
269 	 791 
270 	 390 
271 	 645 
272 	 375 
269 	 835 
270 	 847 
271 	 850 
272 	 444 
265 	 815 
266 	 937 
267 	 943 
268 	 987 
269 	 1066 
270 	 915 
271 	 881 
272 	 464 
257 	 844 
258 	 1052 
259 	 1099 
260 	 1067 
261 	 1133 
262 	 1106 
263 	 1086 
264 	 1059 
265 	 1051 
266 	 994 
267 	 972 
268 	 1007 
269 	 1078 
270 	 923 
271 	 889 
272 	 473 
273 	 662 
274 	 363 
275 	 650 
276 	 402 
273 	 710 
274 	 890 
275 	 862 
276 	 472 
277 	 642 
278 	 333 
279 	 435 
280 	 298 
277 	 691 
278 	 690 
279 	 618 
280 	 360 
273 	 730 
274 	 924 
275 	 908 
276 	 827 
277 	 921 
278 	 741 
279 	 642 
280 	 379 
281 	 367 
282 	 179 
283 	 369 
284 	 201 
281 	 410 
282 	 456 
283 	 482 
284 	 239 
285 	 451 
286 	 226 
287 	 526 
288 	 301 
285 	 498 
286 	 582 
287 	 664 
288 	 364 
281 	 419 
282 	 478 
283 	 521 
284 	 560 
285 	 625 
286 	 621 
287 	 691 
288 	 384 
273 	 738 
274 	 928 
275 	 912 
276 	 842 
277 	 935 
278 	 768 
279 	 693 
280 	 600 
281 	 551 
282 	 513 
283 	 542 
284 	 572 
285 	 638 
286 	 628 
287 	 701 
288 	 399 
289 	 540 
290 	 291 
291 	 508 
292 	 296 
289 	 586 
290 	 642 
291 	 682 
292 	 343 
293 	 408 
294 	 268 
295 	 473 
296 	 287 
293 	 442 
294 	 602 
295 	 637 
296 	 325 
289 	 594 
290 	 662 
291 	 711 
292 	 659 
293 	 627 
294 	 646 
295 	 663 
296 	 356 
297 	 520 
298 	 325 
299 	 626 
300 	 333 
297 	 563 
298 	 758 
299 	 830 
300 	 382 
301 	 791 
302 	 389 
303 	 1032 
304 	 500 
301 	 827 
302 	 1057 
303 	 1290 
304 	 543 
297 	 584 
298 	 781 
299 	 870 
300 	 944 
301 	 1073 
302 	 1117 
303 	 1305 
304 	 565 
289 	 615 
290 	 675 
291 	 729 
292 	 674 
293 	 642 
294 	 667 
295 	 700 
296 	 726 
297 	 772 
298 	 823 
299 	 886 
300 	 959 
301 	 1087 
302 	 1122 
303 	 1322 
304 	 578 
305 	 745 
306 	 479 
307 	 539 
308 	 286 
305 	 773 
306 	 888 
307 	 768 
308 	 336 
309 	 520 
310 	 286 
311 	 573 
312 	 297 
309 	 549 
310 	 688 
311 	 753 
312 	 331 
305 	 791 
306 	 915 
307 	 799 
308 	 701 
309 	 774 
310 	 723 
311 	 771 
312 	 348 
313 	 579 
314 	 322 
315 	 628 
316 	 342 
313 	 605 
314 	 841 
315 	 847 
316 	 374 
317 	 566 
318 	 325 
319 	 465 
320 	 277 
317 	 595 
318 	 713 
319 	 666 
320 	 309 
313 	 621 
314 	 855 
315 	 874 
316 	 835 
317 	 859 
318 	 745 
319 	 674 
320 	 317 
305 	 809 
306 	 917 
307 	 813 
308 	 708 
309 	 782 
310 	 735 
311 	 814 
312 	 836 
313 	 814 
314 	 889 
315 	 887 
316 	 846 
317 	 869 
318 	 751 
319 	 680 
320 	 325 
321 	 526 
322 	 274 
323 	 639 
324 	 289 
321 	 549 
322 	 732 
323 	 838 
324 	 332 
325 	 561 
326 	 306 
327 	 694 
328 	 286 
325 	 580 
326 	 771 
327 	 908 
328 	 313 
321 	 554 
322 	 733 
323 	 856 
324 	 860 
325 	 838 
326 	 801 
327 	 922 
328 	 323 
329 	 757 
330 	 324 
331 	 1058 
332 	 506 
329 	 775 
330 	 984 
331 	 1290 
332 	 555 
333 	 811 
334 	 511 
335 	 646 
336 	 426 
333 	 829 
334 	 934 
335 	 853 
336 	 475 
329 	 785 
330 	 991 
331 	 1313 
332 	 1297 
333 	 1131 
334 	 993 
335 	 874 
336 	 488 
321 	 563 
322 	 740 
323 	 864 
324 	 871 
325 	 848 
326 	 808 
327 	 939 
328 	 922 
329 	 980 
330 	 1026 
331 	 1323 
332 	 1301 
333 	 1144 
334 	 996 
335 	 882 
336 	 491 
337 	 462 
338 	 258 
339 	 293 
340 	 202 
337 	 470 
338 	 498 
339 	 420 
340 	 226 
341 	 133 
342 	 94 
343 	 29 
344 	 1 
341 	 131 
342 	 109 
343 	 49 
344 	 1 
337 	 468 
338 	 498 
339 	 428 
340 	 325 
341 	 218 
342 	 120 
343 	 52 
344 	 1 
337 	 468 
338 	 498 
339 	 428 
340 	 325 
341 	 218 
342 	 120 
343 	 52 
344 	 1 
345 	 1 
346 	 1 
347 	 1 
348 	 1 
349 	 1 
350 	 1 
351 	 1 
352 	 1 
173 	 1 
174 	 1 
175 	 83 
176 	 59 
173 	 1 
174 	 54 
175 	 81 
176 	 58 
169 	 1 
170 	 1 
171 	 1 
172 	 1 
173 	 1 
174 	 54 
175 	 81 
176 	 58 
161 	 1 
162 	 1 
163 	 1 
164 	 1 
165 	 1 
166 	 1 
167 	 1 
168 	 1 
169 	 1 
170 	 1 
171 	 1 
172 	 1 
173 	 1 
174 	 54 
175 	 81 
176 	 58 
177 	 135 
178 	 106 
179 	 199 
180 	 128 
177 	 150 
178 	 193 
179 	 261 
180 	 155 
181 	 404 
182 	 289 
183 	 732 
184 	 556 
181 	 441 
182 	 753 
183 	 934 
184 	 599 
177 	 165 
178 	 194 
179 	 274 
180 	 315 
181 	 481 
182 	 757 
183 	 934 
184 	 581 
185 	 1315 
186 	 900 
187 	 1648 
188 	 1309 
185 	 1379 
186 	 1970 
187 	 2161 
188 	 1200 
189 	 1358 
190 	 1118 
191 	 1084 
192 	 870 
189 	 1441 
190 	 1735 
191 	 1537 
192 	 873 
185 	 1409 
186 	 2005 
187 	 2220 
188 	 2083 
189 	 1729 
190 	 1484 
191 	 1335 
192 	 778 
177 	 184 
178 	 198 
179 	 278 
180 	 321 
181 	 494 
182 	 785 
183 	 985 
184 	 1116 
185 	 1487 
186 	 1854 
187 	 2048 
188 	 1971 
189 	 1657 
190 	 1420 
191 	 1290 
192 	 771 
193 	 843 
194 	 561 
195 	 837 
196 	 535 
193 	 895 
194 	 1098 
195 	 1101 
196 	 658 
197 	 803 
198 	 500 
199 	 774 
200 	 476 
197 	 874 
198 	 996 
199 	 1049 
200 	 582 
193 	 932 
194 	 1125 
195 	 1162 
196 	 1145 
197 	 1136 
198 	 1081 
199 	 1075 
200 	 614 
201 	 762 
202 	 445 
203 	 716 
204 	 463 
201 	 814 
202 	 970 
203 	 974 
204 	 556 
205 	 698 
206 	 382 
207 	 674 
208 	 432 
205 	 744 
206 	 801 
207 	 887 
208 	 531 
201 	 823 
202 	 984 
203 	 1020 
204 	 1055 
205 	 1012 
206 	 898 
207 	 918 
208 	 545 
193 	 954 
194 	 1143 
195 	 1173 
196 	 1155 
197 	 1152 
198 	 1105 
199 	 1131 
200 	 1116 
201 	 1092 
202 	 1075 
203 	 1047 
204 	 1065 
205 	 1012 
206 	 890 
207 	 919 
208 	 535 
209 	 689 
210 	 447 
211 	 688 
212 	 455 
209 	 774 
210 	 874 
211 	 873 
212 	 558 
213 	 673 
214 	 423 
215 	 652 
216 	 432 
213 	 741 
214 	 817 
215 	 837 
216 	 531 
209 	 787 
210 	 897 
211 	 944 
212 	 1024 
213 	 983 
214 	 925 
215 	 879 
216 	 550 
217 	 619 
218 	 424 
219 	 652 
220 	 411 
217 	 677 
218 	 820 
219 	 832 
220 	 511 
221 	 645 
222 	 461 
223 	 622 
224 	 433 
221 	 722 
222 	 814 
223 	 838 
224 	 544 
217 	 697 
218 	 855 
219 	 892 
220 	 902 
221 	 934 
222 	 915 
223 	 890 
224 	 602 
209 	 796 
210 	 909 
211 	 949 
212 	 1038 
213 	 995 
214 	 955 
215 	 947 
216 	 974 
217 	 922 
218 	 941 
219 	 937 
220 	 928 
221 	 963 
222 	 936 
223 	 906 
224 	 622 
225 	 618 
226 	 396 
227 	 700 
228 	 422 
225 	 698 
226 	 773 
227 	 877 
228 	 535 
229 	 672 
230 	 403 
231 	 635 
232 	 429 
229 	 751 
230 	 829 
231 	 815 
232 	 523 
225 	 732 
226 	 800 
227 	 933 
228 	 902 
229 	 948 
230 	 907 
231 	 846 
232 	 596 
233 	 713 
234 	 466 
235 	 728 
236 	 407 
233 	 812 
234 	 922 
235 	 895 
236 	 497 
237 	 755 
238 	 478 
239 	 735 
240 	 484 
237 	 855 
238 	 1018 
239 	 936 
240 	 588 
233 	 879 
234 	 977 
235 	 983 
236 	 1004 
237 	 1048 
238 	 1094 
239 	 989 
240 	 674 
225 	 780 
226 	 832 
227 	 968 
228 	 931 
229 	 989 
230 	 963 
231 	 952 
232 	 974 
233 	 1056 
234 	 1026 
235 	 1018 
236 	 1036 
237 	 1078 
238 	 1123 
239 	 1017 
240 	 732 
241 	 788 
242 	 476 
243 	 832 
244 	 488 
241 	 883 
242 	 1034 
243 	 1056 
244 	 617 
245 	 973 
246 	 612 
247 	 1115 
248 	 632 
245 	 1074 
246 	 1371 
247 	 1404 
248 	 754 
241 	 921 
242 	 1089 
243 	 1156 
244 	 1245 
245 	 1333 
246 	 1459 
247 	 1459 
248 	 814 
249 	 1367 
250 	 714 
251 	 1574 
252 	 893 
249 	 1474 
250 	 1745 
251 	 1987 
252 	 1052 
253 	 1615 
254 	 847 
255 	 1679 
256 	 967 
253 	 1748 
254 	 2009 
255 	 2139 
256 	 1148 
249 	 1515 
250 	 1808 
251 	 2100 
252 	 2108 
253 	 2198 
254 	 2137 
255 	 2198 
256 	 1237 
241 	 958 
242 	 1130 
243 	 1200 
244 	 1290 
245 	 1393 
246 	 1549 
247 	 1574 
248 	 1623 
249 	 1827 
250 	 1899 
251 	 2147 
252 	 2141 
253 	 2220 
254 	 2161 
255 	 2216 
256 	 1276 
257 	 1648 
258 	 916 
259 	 1634 
260 	 889 
257 	 1797 
258 	 2090 
259 	 2118 
260 	 1106 
261 	 1769 
262 	 971 
263 	 2226 
264 	 1188 
261 	 1920 
262 	 2181 
263 	 2681 
264 	 1414 
257 	 1891 
258 	 2198 
259 	 2289 
260 	 2207 
261 	 2417 
262 	 2367 
263 	 2794 
264 	 1528 
265 	 3038 
266 	 1564 
267 	 2831 
268 	 1542 
265 	 3208 
266 	 3773 
267 	 3750 
268 	 1786 
269 	 2904 
270 	 1556 
271 	 2897 
272 	 1673 
269 	 3113 
270 	 3736 
271 	 3729 
272 	 1899 
265 	 3286 
266 	 3861 
267 	 3908 
268 	 3978 
269 	 3918 
270 	 3989 
271 	 3836 
272 	 2030 
257 	 1957 
258 	 2257 
259 	 2351 
260 	 2276 
261 	 2491 
262 	 2468 
263 	 2962 
264 	 3617 
265 	 4052 
266 	 4053 
267 	 3968 
268 	 4016 
269 	 3967 
270 	 4023 
271 	 3876 
272 	 2146 
273 	 2586 
274 	 1427 
275 	 2367 
276 	 1350 
273 	 2744 
274 	 3161 
275 	 3163 
276 	 1601 
277 	 2411 
278 	 1262 
279 	 2162 
280 	 1307 
277 	 2581 
278 	 2951 
279 	 2837 
280 	 1512 
273 	 2832 
274 	 3259 
275 	 3331 
276 	 3255 
277 	 3318 
278 	 3128 
279 	 2933 
280 	 1656 
281 	 1946 
282 	 1108 
283 	 1563 
284 	 936 
281 	 2083 
282 	 2258 
283 	 2046 
284 	 1131 
285 	 1424 
286 	 834 
287 	 1418 
288 	 899 
285 	 1545 
286 	 1858 
287 	 1838 
288 	 1082 
281 	 2130 
282 	 2320 
283 	 2158 
284 	 2166 
285 	 1982 
286 	 1984 
287 	 1886 
288 	 1149 
273 	 2896 
274 	 3297 
275 	 3356 
276 	 3291 
277 	 3356 
278 	 3191 
279 	 3068 
280 	 3009 
281 	 2776 
282 	 2478 
283 	 2227 
284 	 2215 
285 	 2010 
286 	 2022 
287 	 1924 
288 	 1180 
289 	 1298 
290 	 713 
291 	 1070 
292 	 629 
289 	 1429 
290 	 1558 
291 	 1454 
292 	 779 
293 	 989 
294 	 523 
295 	 893 
296 	 547 
293 	 1084 
294 	 1154 
295 	 1182 
296 	 662 
289 	 1458 
290 	 1602 
291 	 1521 
292 	 1416 
293 	 1398 
294 	 1264 
295 	 1241 
296 	 739 
297 	 873 
298 	 460 
299 	 821 
300 	 407 
297 	 952 
298 	 1036 
299 	 997 
300 	 529 
301 	 818 
302 	 479 
303 	 942 
304 	 494 
301 	 909 
302 	 1034 
303 	 1179 
304 	 618 
297 	 993 
298 	 1075 
299 	 1066 
300 	 1100 
301 	 1095 
302 	 1095 
303 	 1234 
304 	 714 
289 	 1477 
290 	 1621 
291 	 1547 
292 	 1441 
293 	 1438 
294 	 1307 
295 	 1317 
296 	 1293 
297 	 1258 
298 	 1164 
299 	 1109 
300 	 1134 
301 	 1131 
302 	 1132 
303 	 1268 
304 	 776 
305 	 795 
306 	 500 
307 	 746 
308 	 449 
305 	 883 
306 	 994 
307 	 974 
308 	 569 
309 	 756 
310 	 463 
311 	 693 
312 	 417 
309 	 852 
310 	 967 
311 	 924 
312 	 518 
305 	 932 
306 	 1056 
307 	 1043 
308 	 1029 
309 	 1061 
310 	 1034 
311 	 962 
312 	 584 
313 	 671 
314 	 421 
315 	 568 
316 	 347 
313 	 732 
314 	 827 
315 	 789 
316 	 430 
317 	 546 
318 	 331 
319 	 579 
320 	 359 
317 	 623 
318 	 758 
319 	 760 
320 	 457 
313 	 781 
314 	 869 
315 	 855 
316 	 826 
317 	 830 
318 	 830 
319 	 808 
320 	 513 
305 	 972 
306 	 1073 
307 	 1072 
308 	 1060 
309 	 1083 
310 	 1075 
311 	 1047 
312 	 990 
313 	 973 
314 	 930 
315 	 894 
316 	 845 
317 	 850 
318 	 845 
319 	 823 
320 	 561 
321 	 586 
322 	 349 
323 	 524 
324 	 369 
321 	 647 
322 	 746 
323 	 738 
324 	 476 
325 	 561 
326 	 331 
327 	 513 
328 	 335 
325 	 614 
326 	 701 
327 	 702 
328 	 404 
321 	 686 
322 	 792 
323 	 800 
324 	 785 
325 	 794 
326 	 757 
327 	 728 
328 	 433 
329 	 521 
330 	 341 
331 	 533 
332 	 344 
329 	 576 
330 	 750 
331 	 720 
332 	 430 
333 	 513 
334 	 362 
335 	 509 
336 	 327 
333 	 557 
334 	 697 
335 	 699 
336 	 415 
329 	 606 
330 	 768 
331 	 780 
332 	 759 
333 	 729 
334 	 763 
335 	 734 
336 	 466 
321 	 707 
322 	 802 
323 	 813 
324 	 797 
325 	 807 
326 	 788 
327 	 779 
328 	 756 
329 	 769 
330 	 843 
331 	 817 
332 	 784 
333 	 748 
334 	 791 
335 	 750 
336 	 527 
337 	 517 
338 	 345 
339 	 486 
340 	 322 
337 	 561 
338 	 716 
339 	 677 
340 	 402 
341 	 508 
342 	 335 
343 	 547 
344 	 391 
341 	 544 
342 	 729 
343 	 757 
344 	 458 
337 	 584 
338 	 743 
339 	 717 
340 	 705 
341 	 758 
342 	 786 
343 	 790 
344 	 494 
345 	 551 
346 	 364 
347 	 649 
348 	 457 
345 	 589 
346 	 851 
347 	 905 
348 	 520 
349 	 679 
350 	 405 
351 	 647 
352 	 443 
349 	 721 
350 	 859 
351 	 894 
352 	 506 
345 	 617 
346 	 873 
347 	 949 
348 	 970 
349 	 987 
350 	 917 
351 	 917 
352 	 523 
337 	 592 
338 	 758 
339 	 729 
340 	 725 
341 	 778 
342 	 816 
343 	 846 
344 	 878 
345 	 835 
346 	 931 
347 	 994 
348 	 998 
349 	 1006 
350 	 930 
351 	 926 
352 	 542 
353 	 571 
354 	 360 
355 	 573 
356 	 324 
353 	 618 
354 	 737 
355 	 788 
356 	 380 
357 	 593 
358 	 289 
359 	 570 
360 	 369 
357 	 628 
358 	 679 
359 	 732 
360 	 416 
353 	 628 
354 	 763 
355 	 811 
356 	 772 
357 	 811 
358 	 726 
359 	 759 
360 	 439 
361 	 498 
362 	 339 
363 	 440 
364 	 299 
361 	 531 
362 	 718 
363 	 619 
364 	 372 
365 	 445 
366 	 291 
367 	 451 
368 	 275 
365 	 494 
366 	 608 
367 	 590 
368 	 321 
361 	 555 
362 	 734 
363 	 658 
364 	 709 
365 	 689 
366 	 655 
367 	 619 
368 	 357 
353 	 637 
354 	 767 
355 	 823 
356 	 789 
357 	 840 
358 	 745 
359 	 812 
360 	 773 
361 	 736 
362 	 789 
363 	 684 
364 	 724 
365 	 702 
366 	 672 
367 	 629 
368 	 378 
369 	 416 
370 	 267 
371 	 348 
372 	 251 
369 	 452 
370 	 517 
371 	 490 
372 	 288 
373 	 368 
374 	 257 
375 	 331 
376 	 194 
373 	 409 
374 	 499 
375 	 454 
376 	 251 
369 	 476 
370 	 539 
371 	 537 
372 	 565 
373 	 549 
374 	 534 
375 	 471 
376 	 266 
377 	 309 
378 	 213 
379 	 313 
380 	 207 
377 	 346 
378 	 418 
379 	 422 
380 	 258 
381 	 331 
382 	 242 
383 	 289 
384 	 209 
381 	 383 
382 	 441 
383 	 420 
384 	 248 
377 	 371 
378 	 439 
379 	 460 
380 	 427 
381 	 473 
382 	 471 
383 	 439 
384 	 271 
369 	 490 
370 	 547 
371 	 550 
372 	 580 
373 	 556 
374 	 569 
375 	 513 
376 	 474 
377 	 476 
378 	 466 
379 	 477 
380 	 437 
381 	 485 
382 	 483 
383 	 459 
384 	 300 
385 	 310 
386 	 223 
387 	 339 
388 	 230 
385 	 331 
386 	 449 
387 	 470 
388 	 264 
389 	 338 
390 	 227 
391 	 356 
392 	 245 
389 	 359 
390 	 472 
391 	 484 
392 	 285 
385 	 337 
386 	 456 
387 	 494 
388 	 513 
389 	 483 
390 	 498 
391 	 502 
392 	 296 
393 	 318 
394 	 218 
395 	 241 
396 	 204 
393 	 340 
394 	 367 
395 	 323 
396 	 251 
397 	 172 
398 	 116 
399 	 201 
400 	 135 
397 	 190 
398 	 269 
399 	 292 
400 	 150 
393 	 347 
394 	 377 
395 	 349 
396 	 371 
397 	 300 
398 	 295 
399 	 319 
400 	 163 
385 	 340 
386 	 459 
387 	 494 
388 	 520 
389 	 483 
390 	 509 
391 	 528 
392 	 474 
393 	 451 
394 	 409 
395 	 366 
396 	 385 
397 	 306 
398 	 307 
399 	 316 
400 	 167 
401 	 181 
402 	 126 
403 	 138 
404 	 99 
401 	 192 
402 	 244 
403 	 193 
404 	 113 
405 	 134 
406 	 72 
407 	 126 
408 	 76 
405 	 141 
406 	 175 
407 	 183 
408 	 82 
401 	 190 
402 	 243 
403 	 197 
404 	 210 
405 	 203 
406 	 194 
407 	 186 
408 	 83 
409 	 90 
410 	 74 
411 	 96 
412 	 68 
409 	 103 
410 	 148 
411 	 135 
412 	 88 
413 	 64 
414 	 72 
415 	 53 
416 	 52 
413 	 67 
414 	 138 
415 	 110 
416 	 53 
409 	 106 
410 	 149 
411 	 148 
412 	 160 
413 	 103 
414 	 143 
415 	 110 
416 	 55 
401 	 190 
402 	 239 
403 	 198 
404 	 215 
405 	 206 
406 	 193 
407 	 195 
408 	 161 
409 	 156 
410 	 159 
411 	 153 
412 	 166 
413 	 105 
414 	 145 
415 	 115 
416 	 57 
417 	 21 
418 	 23 
419 	 3 
420 	 1 
417 	 20 
418 	 32 
419 	 12 
420 	 1 
417 	 20 
418 	 32 
419 	 12 
420 	 1 
421 	 1 
422 	 1 
423 	 1 
424 	 1 
417 	 20 
418 	 32 
419 	 12 
420 	 1 
421 	 1 
422 	 1 
423 	 1 
424 	 1 
425 	 1 
426 	 1 
427 	 1 
428 	 1 
429 	 1 
430 	 1 
431 	 1 
432 	 1 
1 	 1327 
2 	 1072 
3 	 1230 
4 	 1020 
1 	 1618 
2 	 1799 
3 	 1660 
4 	 1181 
5 	 918 
6 	 681 
7 	 889 
8 	 650 
5 	 1087 
6 	 1184 
7 	 1160 
8 	 820 
1 	 1869 
2 	 1965 
3 	 1843 
4 	 1723 
5 	 1433 
6 	 1323 
7 	 1246 
8 	 889 
9 	 827 
10 	 615 
11 	 731 
12 	 539 
9 	 938 
10 	 944 
11 	 941 
12 	 683 
13 	 688 
14 	 492 
15 	 633 
16 	 469 
13 	 792 
14 	 812 
15 	 821 
16 	 596 
9 	 1024 
10 	 1032 
11 	 1058 
12 	 1001 
13 	 995 
14 	 930 
15 	 894 
16 	 683 
1 	 2001 
2 	 2042 
3 	 1899 
4 	 1765 
5 	 1477 
6 	 1386 
7 	 1335 
8 	 1294 
9 	 1305 
10 	 1141 
11 	 1121 
12 	 1042 
13 	 1025 
14 	 952 
15 	 923 
16 	 716 
17 	 694 
18 	 500 
19 	 595 
20 	 435 
17 	 766 
18 	 859 
19 	 761 
20 	 559 
21 	 643 
22 	 440 
23 	 567 
24 	 431 
21 	 716 
22 	 792 
23 	 750 
24 	 521 
17 	 828 
18 	 920 
19 	 830 
20 	 881 
21 	 883 
22 	 873 
23 	 804 
24 	 600 
25 	 547 
26 	 398 
27 	 563 
28 	 384 
25 	 635 
26 	 733 
27 	 712 
28 	 473 
29 	 571 
30 	 411 
31 	 578 
32 	 394 
29 	 653 
30 	 729 
31 	 734 
32 	 502 
25 	 681 
26 	 781 
27 	 791 
28 	 805 
29 	 814 
30 	 791 
31 	 785 
32 	 564 
17 	 878 
18 	 971 
19 	 874 
20 	 929 
21 	 951 
22 	 943 
23 	 889 
24 	 854 
25 	 823 
26 	 836 
27 	 835 
28 	 839 
29 	 838 
30 	 824 
31 	 812 
32 	 593 
33 	 574 
34 	 393 
35 	 593 
36 	 356 
33 	 653 
34 	 767 
35 	 731 
36 	 471 
37 	 590 
38 	 387 
39 	 582 
40 	 440 
37 	 672 
38 	 747 
39 	 729 
40 	 545 
33 	 706 
34 	 815 
35 	 804 
36 	 806 
37 	 820 
38 	 803 
39 	 776 
40 	 616 
41 	 564 
42 	 420 
43 	 511 
44 	 332 
41 	 640 
42 	 750 
43 	 686 
44 	 456 
45 	 575 
46 	 382 
47 	 625 
48 	 432 
45 	 658 
46 	 741 
47 	 785 
48 	 530 
41 	 701 
42 	 820 
43 	 755 
44 	 753 
45 	 769 
46 	 789 
47 	 829 
48 	 593 
33 	 749 
34 	 850 
35 	 841 
36 	 849 
37 	 865 
38 	 860 
39 	 866 
40 	 896 
41 	 849 
42 	 875 
43 	 794 
44 	 786 
45 	 804 
46 	 823 
47 	 856 
48 	 659 
49 	 621 
50 	 458 
51 	 605 
52 	 417 
49 	 704 
50 	 811 
51 	 791 
52 	 545 
53 	 679 
54 	 434 
55 	 620 
56 	 443 
53 	 753 
54 	 853 
55 	 828 
56 	 555 
49 	 756 
50 	 858 
51 	 856 
52 	 896 
53 	 923 
54 	 919 
55 	 880 
56 	 630 
57 	 659 
58 	 440 
59 	 639 
60 	 441 
57 	 739 
58 	 805 
59 	 828 
60 	 551 
61 	 629 
62 	 428 
63 	 674 
64 	 460 
61 	 729 
62 	 850 
63 	 903 
64 	 557 
57 	 800 
58 	 862 
59 	 896 
60 	 940 
61 	 909 
62 	 912 
63 	 955 
64 	 631 
49 	 789 
50 	 883 
51 	 888 
52 	 926 
53 	 969 
54 	 977 
55 	 945 
56 	 915 
57 	 967 
58 	 925 
59 	 938 
60 	 967 
61 	 934 
62 	 934 
63 	 975 
64 	 683 
65 	 621 
66 	 402 
67 	 610 
68 	 437 
65 	 726 
66 	 791 
67 	 791 
68 	 575 
69 	 616 
70 	 481 
71 	 614 
72 	 467 
69 	 692 
70 	 854 
71 	 809 
72 	 603 
65 	 782 
66 	 837 
67 	 855 
68 	 902 
69 	 871 
70 	 923 
71 	 855 
72 	 704 
73 	 643 
74 	 439 
75 	 570 
76 	 407 
73 	 713 
74 	 810 
75 	 758 
76 	 532 
77 	 523 
78 	 387 
79 	 583 
80 	 405 
77 	 601 
78 	 697 
79 	 761 
80 	 503 
73 	 759 
74 	 858 
75 	 816 
76 	 797 
77 	 778 
78 	 770 
79 	 821 
80 	 611 
65 	 817 
66 	 864 
67 	 882 
68 	 942 
69 	 913 
70 	 972 
71 	 922 
72 	 944 
73 	 953 
74 	 932 
75 	 868 
76 	 838 
77 	 815 
78 	 796 
79 	 847 
80 	 701 
81 	 604 
82 	 456 
83 	 558 
84 	 380 
81 	 699 
82 	 836 
83 	 727 
84 	 489 
85 	 546 
86 	 366 
87 	 599 
88 	 422 
85 	 622 
86 	 735 
87 	 749 
88 	 508 
81 	 762 
82 	 886 
83 	 804 
84 	 792 
85 	 780 
86 	 803 
87 	 800 
88 	 562 
89 	 557 
90 	 342 
91 	 600 
92 	 369 
89 	 633 
90 	 735 
91 	 747 
92 	 476 
93 	 628 
94 	 426 
95 	 550 
96 	 373 
93 	 703 
94 	 771 
95 	 731 
96 	 487 
89 	 698 
90 	 787 
91 	 816 
92 	 812 
93 	 866 
94 	 838 
95 	 772 
96 	 559 
81 	 789 
82 	 915 
83 	 821 
84 	 834 
85 	 814 
86 	 863 
87 	 880 
88 	 834 
89 	 843 
90 	 846 
91 	 848 
92 	 847 
93 	 895 
94 	 858 
95 	 792 
96 	 616 
97 	 601 
98 	 422 
99 	 565 
100 	 393 
97 	 670 
98 	 779 
99 	 763 
100 	 513 
101 	 578 
102 	 388 
103 	 611 
104 	 436 
101 	 641 
102 	 784 
103 	 800 
104 	 545 
97 	 728 
98 	 822 
99 	 824 
100 	 895 
101 	 846 
102 	 849 
103 	 845 
104 	 610 
105 	 548 
106 	 360 
107 	 557 
108 	 361 
105 	 607 
106 	 730 
107 	 754 
108 	 457 
109 	 583 
110 	 399 
111 	 573 
112 	 362 
109 	 640 
110 	 842 
111 	 819 
112 	 433 
105 	 652 
106 	 779 
107 	 826 
108 	 805 
109 	 832 
110 	 909 
111 	 853 
112 	 487 
97 	 751 
98 	 847 
99 	 845 
100 	 920 
101 	 874 
102 	 888 
103 	 907 
104 	 889 
105 	 842 
106 	 850 
107 	 868 
108 	 840 
109 	 858 
110 	 933 
111 	 877 
112 	 525 
113 	 561 
114 	 343 
115 	 557 
116 	 372 
113 	 614 
114 	 754 
115 	 769 
116 	 450 
117 	 536 
118 	 368 
119 	 518 
120 	 328 
117 	 594 
118 	 719 
119 	 681 
120 	 410 
113 	 645 
114 	 797 
115 	 821 
116 	 814 
117 	 803 
118 	 769 
119 	 709 
120 	 452 
121 	 524 
122 	 304 
123 	 484 
124 	 324 
121 	 575 
122 	 669 
123 	 668 
124 	 392 
125 	 518 
126 	 303 
127 	 449 
128 	 285 
125 	 565 
126 	 682 
127 	 619 
128 	 371 
121 	 594 
122 	 702 
123 	 717 
124 	 715 
125 	 754 
126 	 729 
127 	 648 
128 	 411 
113 	 671 
114 	 811 
115 	 846 
116 	 832 
117 	 831 
118 	 803 
119 	 768 
120 	 794 
121 	 774 
122 	 754 
123 	 753 
124 	 728 
125 	 775 
126 	 741 
127 	 658 
128 	 417 
129 	 484 
130 	 296 
131 	 472 
132 	 303 
129 	 533 
130 	 648 
131 	 656 
132 	 358 
133 	 487 
134 	 297 
135 	 503 
136 	 331 
133 	 544 
134 	 697 
135 	 662 
136 	 425 
129 	 560 
130 	 679 
131 	 703 
132 	 730 
133 	 717 
134 	 736 
135 	 692 
136 	 465 
137 	 661 
138 	 435 
139 	 703 
140 	 426 
137 	 719 
138 	 887 
139 	 935 
140 	 501 
141 	 726 
142 	 425 
143 	 819 
144 	 485 
141 	 785 
142 	 1029 
143 	 1123 
144 	 575 
137 	 741 
138 	 910 
139 	 980 
140 	 1028 
141 	 1034 
142 	 1091 
143 	 1162 
144 	 649 
129 	 577 
130 	 696 
131 	 722 
132 	 753 
133 	 748 
134 	 778 
135 	 747 
136 	 872 
137 	 928 
138 	 961 
139 	 1000 
140 	 1050 
141 	 1039 
142 	 1106 
143 	 1170 
144 	 660 
145 	 884 
146 	 526 
147 	 934 
148 	 529 
145 	 951 
146 	 1239 
147 	 1240 
148 	 662 
149 	 909 
150 	 519 
151 	 881 
152 	 520 
149 	 975 
150 	 1154 
151 	 1201 
152 	 625 
145 	 1001 
146 	 1282 
147 	 1293 
148 	 1293 
149 	 1285 
150 	 1222 
151 	 1238 
152 	 702 
153 	 861 
154 	 509 
155 	 881 
156 	 515 
153 	 926 
154 	 1170 
155 	 1182 
156 	 617 
157 	 1008 
158 	 553 
159 	 917 
160 	 541 
157 	 1070 
158 	 1267 
159 	 1248 
160 	 662 
153 	 953 
154 	 1198 
155 	 1229 
156 	 1238 
157 	 1404 
158 	 1336 
159 	 1280 
160 	 732 
145 	 1037 
146 	 1301 
147 	 1313 
148 	 1312 
149 	 1307 
150 	 1253 
151 	 1291 
152 	 1202 
153 	 1258 
154 	 1270 
155 	 1265 
156 	 1258 
157 	 1418 
158 	 1349 
159 	 1293 
160 	 791 
161 	 945 
162 	 524 
163 	 985 
164 	 519 
161 	 1003 
162 	 1160 
163 	 1286 
164 	 612 
165 	 961 
166 	 548 
167 	 1031 
168 	 575 
165 	 1015 
166 	 1255 
167 	 1332 
168 	 687 
161 	 1046 
162 	 1192 
163 	 1339 
164 	 1439 
165 	 1366 
166 	 1322 
167 	 1367 
168 	 717 
169 	 799 
170 	 468 
171 	 693 
172 	 421 
169 	 832 
170 	 1025 
171 	 978 
172 	 481 
173 	 633 
174 	 338 
175 	 548 
176 	 343 
173 	 678 
174 	 781 
175 	 783 
176 	 387 
169 	 849 
170 	 1043 
171 	 1025 
172 	 905 
173 	 910 
174 	 827 
175 	 808 
176 	 409 
161 	 1069 
162 	 1206 
163 	 1359 
164 	 1456 
165 	 1384 
166 	 1340 
167 	 1405 
168 	 1325 
169 	 1241 
170 	 1107 
171 	 1042 
172 	 919 
173 	 926 
174 	 835 
175 	 822 
176 	 438 
177 	 529 
178 	 297 
179 	 523 
180 	 282 
177 	 561 
178 	 697 
179 	 699 
180 	 329 
181 	 551 
182 	 289 
183 	 717 
184 	 386 
181 	 578 
182 	 808 
183 	 906 
184 	 447 
177 	 595 
178 	 711 
179 	 730 
180 	 707 
181 	 745 
182 	 847 
183 	 919 
184 	 461 
185 	 477 
186 	 307 
187 	 493 
188 	 288 
185 	 512 
186 	 677 
187 	 678 
188 	 326 
189 	 498 
190 	 257 
191 	 483 
192 	 303 
189 	 525 
190 	 705 
191 	 662 
192 	 338 
185 	 516 
186 	 688 
187 	 699 
188 	 687 
189 	 706 
190 	 740 
191 	 679 
192 	 365 
177 	 604 
178 	 718 
179 	 736 
180 	 715 
181 	 754 
182 	 862 
183 	 953 
184 	 892 
185 	 734 
186 	 737 
187 	 717 
188 	 697 
189 	 718 
190 	 748 
191 	 684 
192 	 374 
193 	 514 
194 	 273 
195 	 508 
196 	 258 
193 	 541 
194 	 671 
195 	 660 
196 	 299 
197 	 498 
198 	 297 
199 	 483 
200 	 269 
197 	 531 
198 	 650 
199 	 649 
200 	 306 
193 	 567 
194 	 689 
195 	 687 
196 	 708 
197 	 724 
198 	 688 
199 	 665 
200 	 321 
201 	 388 
202 	 210 
203 	 373 
204 	 204 
201 	 428 
202 	 501 
203 	 481 
204 	 231 
205 	 475 
206 	 301 
207 	 574 
208 	 338 
205 	 494 
206 	 691 
207 	 747 
208 	 421 
201 	 444 
202 	 514 
203 	 506 
204 	 586 
205 	 640 
206 	 730 
207 	 771 
208 	 430 
193 	 579 
194 	 699 
195 	 695 
196 	 716 
197 	 732 
198 	 706 
199 	 696 
200 	 630 
201 	 589 
202 	 549 
203 	 524 
204 	 594 
205 	 651 
206 	 737 
207 	 783 
208 	 453 
209 	 523 
210 	 320 
211 	 421 
212 	 289 
209 	 579 
210 	 684 
211 	 625 
212 	 353 
213 	 424 
214 	 278 
215 	 396 
216 	 265 
213 	 471 
214 	 545 
215 	 539 
216 	 330 
209 	 609 
210 	 713 
211 	 673 
212 	 652 
213 	 644 
214 	 589 
215 	 566 
216 	 379 
217 	 325 
218 	 204 
219 	 376 
220 	 232 
217 	 372 
218 	 457 
219 	 465 
220 	 266 
221 	 373 
222 	 250 
223 	 324 
224 	 208 
221 	 411 
222 	 497 
223 	 430 
224 	 260 
217 	 379 
218 	 470 
219 	 495 
220 	 599 
221 	 573 
222 	 530 
223 	 452 
224 	 287 
209 	 629 
210 	 725 
211 	 683 
212 	 665 
213 	 664 
214 	 611 
215 	 610 
216 	 552 
217 	 518 
218 	 516 
219 	 519 
220 	 617 
221 	 582 
222 	 544 
223 	 466 
224 	 320 
225 	 329 
226 	 193 
227 	 345 
228 	 196 
225 	 367 
226 	 465 
227 	 462 
228 	 233 
229 	 282 
230 	 171 
231 	 281 
232 	 196 
229 	 313 
230 	 363 
231 	 381 
232 	 251 
225 	 386 
226 	 483 
227 	 506 
228 	 448 
229 	 417 
230 	 396 
231 	 401 
232 	 276 
233 	 292 
234 	 182 
235 	 273 
236 	 187 
233 	 319 
234 	 382 
235 	 356 
236 	 225 
237 	 309 
238 	 205 
239 	 268 
240 	 183 
237 	 339 
238 	 433 
239 	 380 
240 	 227 
233 	 337 
234 	 406 
235 	 399 
236 	 404 
237 	 429 
238 	 463 
239 	 398 
240 	 246 
225 	 394 
226 	 491 
227 	 509 
228 	 465 
229 	 432 
230 	 428 
231 	 440 
232 	 445 
233 	 441 
234 	 439 
235 	 421 
236 	 421 
237 	 438 
238 	 473 
239 	 410 
240 	 258 
241 	 249 
242 	 159 
243 	 270 
244 	 186 
241 	 277 
242 	 337 
243 	 355 
244 	 234 
245 	 292 
246 	 184 
247 	 309 
248 	 176 
245 	 316 
246 	 426 
247 	 423 
248 	 232 
241 	 290 
242 	 357 
243 	 385 
244 	 394 
245 	 432 
246 	 466 
247 	 439 
248 	 263 
249 	 318 
250 	 185 
251 	 271 
252 	 174 
249 	 357 
250 	 379 
251 	 353 
252 	 225 
253 	 250 
254 	 153 
255 	 257 
256 	 164 
253 	 290 
254 	 326 
255 	 336 
256 	 205 
249 	 375 
250 	 405 
251 	 386 
252 	 376 
253 	 377 
254 	 365 
255 	 361 
256 	 246 
241 	 299 
242 	 365 
243 	 397 
244 	 401 
245 	 442 
246 	 482 
247 	 472 
248 	 494 
249 	 479 
250 	 444 
251 	 410 
252 	 395 
253 	 382 
254 	 385 
255 	 371 
256 	 280 
257 	 271 
258 	 177 
259 	 277 
260 	 183 
257 	 324 
258 	 393 
259 	 348 
260 	 237 
261 	 293 
262 	 186 
263 	 230 
264 	 179 
261 	 332 
262 	 366 
263 	 321 
264 	 246 
257 	 348 
258 	 423 
259 	 395 
260 	 408 
261 	 442 
262 	 406 
263 	 344 
264 	 274 
265 	 286 
266 	 181 
267 	 278 
268 	 198 
265 	 324 
266 	 378 
267 	 370 
268 	 234 
269 	 237 
270 	 140 
271 	 238 
272 	 171 
269 	 270 
270 	 304 
271 	 302 
272 	 219 
265 	 344 
266 	 406 
267 	 405 
268 	 410 
269 	 367 
270 	 346 
271 	 328 
272 	 252 
257 	 358 
258 	 433 
259 	 409 
260 	 420 
261 	 460 
262 	 431 
263 	 384 
264 	 448 
265 	 436 
266 	 440 
267 	 431 
268 	 426 
269 	 383 
270 	 359 
271 	 347 
272 	 275 
273 	 222 
274 	 161 
275 	 220 
276 	 152 
273 	 257 
274 	 290 
275 	 288 
276 	 199 
277 	 260 
278 	 166 
279 	 240 
280 	 151 
277 	 285 
278 	 315 
279 	 309 
280 	 189 
273 	 286 
274 	 321 
275 	 330 
276 	 320 
277 	 350 
278 	 344 
279 	 332 
280 	 208 
281 	 257 
282 	 156 
283 	 268 
284 	 165 
281 	 284 
282 	 318 
283 	 354 
284 	 220 
285 	 234 
286 	 136 
287 	 256 
288 	 168 
285 	 269 
286 	 353 
287 	 337 
288 	 211 
281 	 307 
282 	 335 
283 	 393 
284 	 360 
285 	 351 
286 	 383 
287 	 357 
288 	 247 
273 	 300 
274 	 335 
275 	 345 
276 	 334 
277 	 367 
278 	 375 
279 	 369 
280 	 372 
281 	 367 
282 	 359 
283 	 406 
284 	 380 
285 	 357 
286 	 393 
287 	 370 
288 	 274 
289 	 268 
290 	 159 
291 	 275 
292 	 179 
289 	 299 
290 	 367 
291 	 370 
292 	 217 
293 	 247 
294 	 190 
295 	 230 
296 	 157 
293 	 278 
294 	 313 
295 	 299 
296 	 203 
289 	 326 
290 	 395 
291 	 401 
292 	 375 
293 	 370 
294 	 350 
295 	 332 
296 	 229 
297 	 193 
298 	 129 
299 	 226 
300 	 163 
297 	 233 
298 	 290 
299 	 283 
300 	 203 
301 	 290 
302 	 147 
303 	 225 
304 	 134 
301 	 331 
302 	 313 
303 	 288 
304 	 173 
297 	 264 
298 	 317 
299 	 331 
300 	 306 
301 	 381 
302 	 333 
303 	 311 
304 	 194 
289 	 351 
290 	 408 
291 	 415 
292 	 402 
293 	 400 
294 	 377 
295 	 372 
296 	 347 
297 	 319 
298 	 344 
299 	 353 
300 	 322 
301 	 399 
302 	 348 
303 	 321 
304 	 250 
305 	 349 
306 	 177 
307 	 304 
308 	 232 
305 	 377 
306 	 397 
307 	 394 
308 	 268 
309 	 264 
310 	 156 
311 	 279 
312 	 141 
309 	 294 
310 	 322 
311 	 349 
312 	 179 
305 	 408 
306 	 422 
307 	 434 
308 	 422 
309 	 393 
310 	 347 
311 	 378 
312 	 208 
313 	 238 
314 	 160 
315 	 282 
316 	 168 
313 	 292 
314 	 348 
315 	 348 
316 	 218 
317 	 279 
318 	 174 
319 	 302 
320 	 159 
317 	 314 
318 	 369 
319 	 394 
320 	 197 
313 	 315 
314 	 369 
315 	 381 
316 	 372 
317 	 399 
318 	 386 
319 	 423 
320 	 227 
305 	 418 
306 	 439 
307 	 450 
308 	 441 
309 	 417 
310 	 383 
311 	 427 
312 	 363 
313 	 387 
314 	 401 
315 	 403 
316 	 396 
317 	 413 
318 	 410 
319 	 428 
320 	 249 
321 	 236 
322 	 139 
323 	 253 
324 	 145 
321 	 273 
322 	 338 
323 	 335 
324 	 187 
325 	 322 
326 	 190 
327 	 368 
328 	 232 
325 	 357 
326 	 399 
327 	 462 
328 	 294 
321 	 298 
322 	 365 
323 	 369 
324 	 400 
325 	 419 
326 	 427 
327 	 480 
328 	 325 
329 	 585 
330 	 339 
331 	 592 
332 	 341 
329 	 623 
330 	 800 
331 	 800 
332 	 427 
333 	 604 
334 	 343 
335 	 426 
336 	 314 
333 	 652 
334 	 679 
335 	 603 
336 	 388 
329 	 654 
330 	 822 
331 	 825 
332 	 782 
333 	 831 
334 	 731 
335 	 626 
336 	 446 
321 	 320 
322 	 378 
323 	 375 
324 	 409 
325 	 431 
326 	 444 
327 	 511 
328 	 593 
329 	 747 
330 	 859 
331 	 851 
332 	 798 
333 	 836 
334 	 730 
335 	 636 
336 	 462 
337 	 437 
338 	 223 
339 	 377 
340 	 205 
337 	 474 
338 	 536 
339 	 517 
340 	 265 
341 	 359 
342 	 187 
343 	 361 
344 	 216 
341 	 382 
342 	 470 
343 	 478 
344 	 268 
337 	 484 
338 	 558 
339 	 540 
340 	 555 
341 	 516 
342 	 499 
343 	 491 
344 	 300 
345 	 422 
346 	 224 
347 	 445 
348 	 263 
345 	 453 
346 	 545 
347 	 568 
348 	 306 
349 	 538 
350 	 283 
351 	 528 
352 	 285 
349 	 557 
350 	 829 
351 	 748 
352 	 332 
345 	 470 
346 	 552 
347 	 583 
348 	 661 
349 	 758 
350 	 851 
351 	 751 
352 	 336 
337 	 512 
338 	 563 
339 	 554 
340 	 559 
341 	 524 
342 	 509 
343 	 521 
344 	 574 
345 	 597 
346 	 585 
347 	 607 
348 	 670 
349 	 765 
350 	 856 
351 	 759 
352 	 355 
353 	 359 
354 	 198 
355 	 426 
356 	 215 
353 	 371 
354 	 490 
355 	 533 
356 	 234 
357 	 552 
358 	 251 
359 	 559 
360 	 309 
357 	 571 
358 	 726 
359 	 762 
360 	 357 
353 	 392 
354 	 502 
355 	 551 
356 	 551 
357 	 697 
358 	 753 
359 	 773 
360 	 374 
361 	 508 
362 	 260 
363 	 435 
364 	 212 
361 	 538 
362 	 547 
363 	 583 
364 	 233 
365 	 393 
366 	 165 
367 	 354 
368 	 192 
365 	 403 
366 	 497 
367 	 485 
368 	 201 
361 	 554 
362 	 551 
363 	 601 
364 	 557 
365 	 540 
366 	 505 
367 	 490 
368 	 217 
353 	 394 
354 	 514 
355 	 558 
356 	 561 
357 	 707 
358 	 768 
359 	 797 
360 	 714 
361 	 716 
362 	 585 
363 	 607 
364 	 565 
365 	 546 
366 	 514 
367 	 489 
368 	 223 
369 	 62 
370 	 32 
371 	 3 
372 	 1 
369 	 59 
370 	 33 
371 	 17 
372 	 1 
369 	 59 
370 	 33 
371 	 17 
372 	 1 
373 	 1 
374 	 1 
375 	 1 
376 	 1 
369 	 59 
370 	 33 
371 	 17 
372 	 1 
373 	 1 
374 	 1 
375 	 1 
376 	 1 
377 	 1 
378 	 1 
379 	 1 
380 	 1 
381 	 1 
382 	 1 
383 	 1 
384 	 1 
