19 	 1 
20 	 1 
17 	 1 
18 	 1 
19 	 1 
20 	 1 
21 	 41 
22 	 19 
23 	 72 
24 	 50 
21 	 45 
22 	 81 
23 	 103 
24 	 59 
17 	 1 
18 	 1 
19 	 1 
20 	 11 
21 	 45 
22 	 80 
23 	 101 
24 	 62 
25 	 170 
26 	 79 
27 	 252 
28 	 147 
25 	 179 
26 	 257 
27 	 334 
28 	 185 
29 	 310 
30 	 175 
31 	 475 
32 	 329 
29 	 357 
30 	 478 
31 	 640 
32 	 420 
25 	 198 
26 	 273 
27 	 370 
28 	 409 
29 	 472 
30 	 538 
31 	 676 
32 	 438 
17 	 1 
18 	 1 
19 	 1 
20 	 33 
21 	 59 
22 	 92 
23 	 115 
24 	 140 
25 	 240 
26 	 296 
27 	 369 
28 	 405 
29 	 476 
30 	 542 
31 	 685 
32 	 436 
33 	 486 
34 	 350 
35 	 451 
36 	 345 
33 	 514 
34 	 673 
35 	 764 
36 	 454 
37 	 544 
38 	 351 
39 	 494 
40 	 352 
37 	 592 
38 	 693 
39 	 748 
40 	 476 
33 	 529 
34 	 689 
35 	 806 
36 	 742 
37 	 806 
38 	 757 
39 	 762 
40 	 489 
41 	 449 
42 	 362 
43 	 449 
44 	 297 
41 	 485 
42 	 709 
43 	 636 
44 	 358 
45 	 442 
46 	 291 
47 	 477 
48 	 298 
45 	 481 
46 	 614 
47 	 660 
48 	 373 
41 	 499 
42 	 729 
43 	 671 
44 	 657 
45 	 654 
46 	 675 
47 	 684 
48 	 390 
33 	 547 
34 	 705 
35 	 817 
36 	 772 
37 	 839 
38 	 784 
39 	 793 
40 	 777 
41 	 713 
42 	 797 
43 	 684 
44 	 663 
45 	 658 
46 	 678 
47 	 692 
48 	 396 
49 	 430 
50 	 289 
51 	 521 
52 	 304 
49 	 455 
50 	 625 
51 	 702 
52 	 377 
53 	 699 
54 	 421 
55 	 705 
56 	 476 
53 	 736 
54 	 903 
55 	 932 
56 	 586 
49 	 476 
50 	 644 
51 	 722 
52 	 791 
53 	 944 
54 	 973 
55 	 963 
56 	 604 
57 	 867 
58 	 519 
59 	 1060 
60 	 624 
57 	 938 
58 	 1230 
59 	 1371 
60 	 719 
61 	 1073 
62 	 634 
63 	 1106 
64 	 729 
61 	 1121 
62 	 1373 
63 	 1534 
64 	 847 
57 	 958 
58 	 1257 
59 	 1420 
60 	 1400 
61 	 1488 
62 	 1481 
63 	 1555 
64 	 849 
49 	 498 
50 	 662 
51 	 732 
52 	 801 
53 	 956 
54 	 978 
55 	 1017 
56 	 1094 
57 	 1207 
58 	 1326 
59 	 1432 
60 	 1410 
61 	 1492 
62 	 1480 
63 	 1561 
64 	 870 
65 	 832 
66 	 569 
67 	 682 
68 	 443 
65 	 867 
66 	 1108 
67 	 959 
68 	 500 
69 	 670 
70 	 389 
71 	 500 
72 	 305 
69 	 722 
70 	 809 
71 	 692 
72 	 355 
65 	 885 
66 	 1126 
67 	 1009 
68 	 951 
69 	 957 
70 	 862 
71 	 706 
72 	 353 
73 	 481 
74 	 314 
75 	 420 
76 	 275 
73 	 527 
74 	 595 
75 	 540 
76 	 317 
77 	 394 
78 	 260 
79 	 356 
80 	 202 
77 	 453 
78 	 520 
79 	 466 
80 	 241 
73 	 544 
74 	 615 
75 	 585 
76 	 598 
77 	 562 
78 	 550 
79 	 491 
80 	 255 
65 	 895 
66 	 1130 
67 	 1012 
68 	 951 
69 	 958 
70 	 872 
71 	 754 
72 	 711 
73 	 698 
74 	 665 
75 	 602 
76 	 608 
77 	 569 
78 	 557 
79 	 492 
80 	 259 
81 	 258 
82 	 187 
83 	 285 
84 	 177 
81 	 306 
82 	 359 
83 	 357 
84 	 216 
85 	 283 
86 	 214 
87 	 348 
88 	 271 
85 	 342 
86 	 406 
87 	 431 
88 	 348 
81 	 342 
82 	 395 
83 	 414 
84 	 401 
85 	 410 
86 	 432 
87 	 454 
88 	 377 
89 	 390 
90 	 297 
91 	 388 
92 	 264 
89 	 455 
90 	 576 
91 	 471 
92 	 316 
93 	 433 
94 	 295 
95 	 461 
96 	 314 
93 	 480 
94 	 571 
95 	 598 
96 	 400 
89 	 501 
90 	 615 
91 	 516 
92 	 604 
93 	 578 
94 	 611 
95 	 621 
96 	 441 
81 	 359 
82 	 410 
83 	 427 
84 	 424 
85 	 445 
86 	 480 
87 	 549 
88 	 569 
89 	 595 
90 	 654 
91 	 543 
92 	 618 
93 	 589 
94 	 621 
95 	 628 
96 	 481 
97 	 468 
98 	 306 
99 	 444 
100 	 353 
97 	 517 
98 	 628 
99 	 629 
100 	 457 
101 	 416 
102 	 390 
103 	 435 
104 	 324 
101 	 462 
102 	 634 
103 	 620 
104 	 404 
97 	 578 
98 	 663 
99 	 671 
100 	 662 
101 	 679 
102 	 690 
103 	 632 
104 	 464 
105 	 370 
106 	 272 
107 	 303 
108 	 204 
105 	 419 
106 	 465 
107 	 421 
108 	 257 
109 	 296 
110 	 197 
111 	 272 
112 	 200 
109 	 342 
110 	 385 
111 	 363 
112 	 230 
105 	 489 
106 	 493 
107 	 469 
108 	 402 
109 	 427 
110 	 422 
111 	 392 
112 	 301 
97 	 601 
98 	 675 
99 	 684 
100 	 677 
101 	 696 
102 	 710 
103 	 670 
104 	 714 
105 	 666 
106 	 533 
107 	 476 
108 	 423 
109 	 441 
110 	 436 
111 	 411 
112 	 336 
113 	 252 
114 	 158 
115 	 236 
116 	 173 
113 	 290 
114 	 385 
115 	 344 
116 	 216 
117 	 242 
118 	 186 
119 	 247 
120 	 180 
117 	 284 
118 	 382 
119 	 338 
120 	 196 
113 	 312 
114 	 409 
115 	 392 
116 	 379 
117 	 369 
118 	 409 
119 	 352 
120 	 207 
121 	 284 
122 	 171 
123 	 225 
124 	 151 
121 	 323 
122 	 339 
123 	 310 
124 	 178 
125 	 222 
126 	 161 
127 	 259 
128 	 155 
125 	 266 
126 	 294 
127 	 335 
128 	 200 
121 	 332 
122 	 355 
123 	 337 
124 	 359 
125 	 339 
126 	 330 
127 	 355 
128 	 233 
113 	 315 
114 	 412 
115 	 403 
116 	 381 
117 	 384 
118 	 426 
119 	 382 
120 	 397 
121 	 441 
122 	 378 
123 	 355 
124 	 362 
125 	 343 
126 	 335 
127 	 355 
128 	 247 
129 	 319 
130 	 191 
131 	 277 
132 	 167 
129 	 339 
130 	 363 
131 	 373 
132 	 200 
133 	 335 
134 	 207 
135 	 290 
136 	 222 
133 	 363 
134 	 506 
135 	 429 
136 	 268 
129 	 353 
130 	 371 
131 	 394 
132 	 469 
133 	 496 
134 	 537 
135 	 441 
136 	 282 
137 	 288 
138 	 185 
139 	 315 
140 	 175 
137 	 323 
138 	 376 
139 	 412 
140 	 226 
141 	 341 
142 	 233 
143 	 547 
144 	 313 
141 	 363 
142 	 594 
143 	 721 
144 	 373 
137 	 351 
138 	 389 
139 	 434 
140 	 409 
141 	 470 
142 	 630 
143 	 745 
144 	 404 
129 	 367 
130 	 376 
131 	 399 
132 	 475 
133 	 507 
134 	 542 
135 	 458 
136 	 487 
137 	 437 
138 	 422 
139 	 457 
140 	 409 
141 	 480 
142 	 644 
143 	 751 
144 	 421 
145 	 850 
146 	 524 
147 	 1085 
148 	 631 
145 	 887 
146 	 1311 
147 	 1434 
148 	 742 
149 	 1152 
150 	 743 
151 	 1347 
152 	 805 
149 	 1195 
150 	 1598 
151 	 1810 
152 	 938 
145 	 910 
146 	 1335 
147 	 1463 
148 	 1501 
149 	 1651 
150 	 1696 
151 	 1851 
152 	 975 
153 	 1518 
154 	 901 
155 	 1367 
156 	 846 
153 	 1576 
154 	 2013 
155 	 1956 
156 	 967 
157 	 1236 
158 	 774 
159 	 1228 
160 	 773 
157 	 1314 
158 	 1795 
159 	 1703 
160 	 915 
153 	 1606 
154 	 2043 
155 	 2015 
156 	 1871 
157 	 1822 
158 	 1898 
159 	 1740 
160 	 961 
145 	 937 
146 	 1357 
147 	 1494 
148 	 1517 
149 	 1674 
150 	 1733 
151 	 1915 
152 	 2017 
153 	 2163 
154 	 2145 
155 	 2052 
156 	 1896 
157 	 1848 
158 	 1924 
159 	 1760 
160 	 999 
161 	 1221 
162 	 911 
163 	 1159 
164 	 696 
161 	 1320 
162 	 1698 
163 	 1656 
164 	 836 
165 	 953 
166 	 596 
167 	 778 
168 	 532 
165 	 1033 
166 	 1204 
167 	 1074 
168 	 669 
161 	 1349 
162 	 1740 
163 	 1733 
164 	 1598 
165 	 1451 
166 	 1313 
167 	 1123 
168 	 745 
169 	 771 
170 	 510 
171 	 639 
172 	 474 
169 	 854 
170 	 950 
171 	 918 
172 	 584 
173 	 624 
174 	 406 
175 	 554 
176 	 398 
173 	 721 
174 	 887 
175 	 790 
176 	 481 
169 	 920 
170 	 1007 
171 	 993 
172 	 1021 
173 	 957 
174 	 958 
175 	 834 
176 	 542 
161 	 1379 
162 	 1766 
163 	 1754 
164 	 1643 
165 	 1484 
166 	 1355 
167 	 1190 
168 	 1225 
169 	 1197 
170 	 1091 
171 	 1042 
172 	 1055 
173 	 985 
174 	 990 
175 	 875 
176 	 620 
177 	 572 
178 	 352 
179 	 530 
180 	 359 
177 	 663 
178 	 729 
179 	 723 
180 	 463 
181 	 512 
182 	 378 
183 	 433 
184 	 315 
181 	 610 
182 	 633 
183 	 615 
184 	 419 
177 	 699 
178 	 764 
179 	 785 
180 	 785 
181 	 785 
182 	 691 
183 	 660 
184 	 484 
185 	 485 
186 	 309 
187 	 415 
188 	 320 
185 	 557 
186 	 595 
187 	 585 
188 	 415 
189 	 428 
190 	 295 
191 	 386 
192 	 288 
189 	 511 
190 	 571 
191 	 526 
192 	 370 
185 	 612 
186 	 644 
187 	 645 
188 	 667 
189 	 659 
190 	 664 
191 	 585 
192 	 453 
177 	 739 
178 	 783 
179 	 797 
180 	 795 
181 	 818 
182 	 726 
183 	 712 
184 	 728 
185 	 744 
186 	 712 
187 	 698 
188 	 698 
189 	 682 
190 	 690 
191 	 614 
192 	 518 
193 	 408 
194 	 336 
195 	 451 
196 	 273 
193 	 486 
194 	 574 
195 	 598 
196 	 357 
197 	 432 
198 	 293 
199 	 509 
200 	 346 
197 	 510 
198 	 646 
199 	 650 
200 	 425 
193 	 552 
194 	 627 
195 	 672 
196 	 636 
197 	 621 
198 	 696 
199 	 692 
200 	 477 
201 	 465 
202 	 313 
203 	 533 
204 	 308 
201 	 536 
202 	 665 
203 	 709 
204 	 379 
205 	 488 
206 	 274 
207 	 468 
208 	 320 
205 	 541 
206 	 656 
207 	 609 
208 	 403 
201 	 578 
202 	 718 
203 	 788 
204 	 772 
205 	 729 
206 	 717 
207 	 652 
208 	 463 
193 	 593 
194 	 655 
195 	 695 
196 	 659 
197 	 651 
198 	 733 
199 	 771 
200 	 733 
201 	 708 
202 	 763 
203 	 802 
204 	 790 
205 	 737 
206 	 725 
207 	 657 
208 	 494 
209 	 543 
210 	 340 
211 	 546 
212 	 289 
209 	 622 
210 	 717 
211 	 710 
212 	 383 
213 	 551 
214 	 330 
215 	 623 
216 	 352 
213 	 617 
214 	 783 
215 	 779 
216 	 425 
209 	 665 
210 	 758 
211 	 781 
212 	 756 
213 	 799 
214 	 845 
215 	 821 
216 	 470 
217 	 648 
218 	 342 
219 	 640 
220 	 387 
217 	 726 
218 	 843 
219 	 831 
220 	 469 
221 	 652 
222 	 374 
223 	 647 
224 	 397 
221 	 698 
222 	 887 
223 	 862 
224 	 476 
217 	 752 
218 	 873 
219 	 892 
220 	 946 
221 	 907 
222 	 944 
223 	 893 
224 	 511 
209 	 700 
210 	 772 
211 	 795 
212 	 789 
213 	 819 
214 	 877 
215 	 880 
216 	 955 
217 	 955 
218 	 944 
219 	 935 
220 	 968 
221 	 928 
222 	 954 
223 	 901 
224 	 555 
225 	 818 
226 	 407 
227 	 845 
228 	 452 
225 	 880 
226 	 965 
227 	 1101 
228 	 554 
229 	 922 
230 	 516 
231 	 945 
232 	 580 
229 	 987 
230 	 1210 
231 	 1282 
232 	 683 
225 	 899 
226 	 986 
227 	 1154 
228 	 1179 
229 	 1285 
230 	 1313 
231 	 1319 
232 	 735 
233 	 996 
234 	 543 
235 	 831 
236 	 457 
233 	 1071 
234 	 1139 
235 	 1135 
236 	 572 
237 	 720 
238 	 508 
239 	 843 
240 	 488 
237 	 794 
238 	 1059 
239 	 1113 
240 	 604 
233 	 1115 
234 	 1184 
235 	 1224 
236 	 1169 
237 	 1076 
238 	 1133 
239 	 1140 
240 	 651 
225 	 918 
226 	 993 
227 	 1173 
228 	 1185 
229 	 1299 
230 	 1332 
231 	 1381 
232 	 1363 
233 	 1442 
234 	 1263 
235 	 1248 
236 	 1181 
237 	 1083 
238 	 1142 
239 	 1163 
240 	 727 
241 	 751 
242 	 443 
243 	 863 
244 	 465 
241 	 821 
242 	 1079 
243 	 1131 
244 	 599 
245 	 908 
246 	 493 
247 	 865 
248 	 632 
245 	 1000 
246 	 1213 
247 	 1155 
248 	 747 
241 	 854 
242 	 1109 
243 	 1183 
244 	 1359 
245 	 1247 
246 	 1293 
247 	 1210 
248 	 857 
249 	 1049 
250 	 600 
251 	 894 
252 	 568 
249 	 1123 
250 	 1308 
251 	 1229 
252 	 711 
253 	 822 
254 	 471 
255 	 765 
256 	 385 
253 	 893 
254 	 1142 
255 	 1019 
256 	 449 
249 	 1183 
250 	 1338 
251 	 1301 
252 	 1361 
253 	 1193 
254 	 1218 
255 	 1049 
256 	 473 
241 	 959 
242 	 1157 
243 	 1218 
244 	 1391 
245 	 1284 
246 	 1339 
247 	 1286 
248 	 1412 
249 	 1484 
250 	 1429 
251 	 1331 
252 	 1382 
253 	 1212 
254 	 1239 
255 	 1059 
256 	 493 
257 	 761 
258 	 436 
259 	 828 
260 	 436 
257 	 821 
258 	 1097 
259 	 1072 
260 	 541 
261 	 833 
262 	 475 
263 	 796 
264 	 430 
261 	 898 
262 	 1036 
263 	 1050 
264 	 517 
257 	 835 
258 	 1123 
259 	 1135 
260 	 1071 
261 	 1182 
262 	 1113 
263 	 1081 
264 	 551 
265 	 746 
266 	 427 
267 	 688 
268 	 408 
265 	 801 
266 	 923 
267 	 889 
268 	 521 
269 	 802 
270 	 408 
271 	 685 
272 	 405 
269 	 838 
270 	 883 
271 	 923 
272 	 489 
265 	 824 
266 	 943 
267 	 956 
268 	 1020 
269 	 1108 
270 	 959 
271 	 967 
272 	 510 
257 	 857 
258 	 1144 
259 	 1157 
260 	 1092 
261 	 1188 
262 	 1147 
263 	 1141 
264 	 1148 
265 	 1101 
266 	 1009 
267 	 990 
268 	 1046 
269 	 1123 
270 	 971 
271 	 977 
272 	 526 
273 	 704 
274 	 395 
275 	 642 
276 	 415 
273 	 754 
274 	 956 
275 	 884 
276 	 500 
277 	 638 
278 	 343 
279 	 414 
280 	 287 
277 	 681 
278 	 693 
279 	 591 
280 	 348 
273 	 774 
274 	 982 
275 	 919 
276 	 854 
277 	 931 
278 	 745 
279 	 617 
280 	 368 
281 	 355 
282 	 183 
283 	 343 
284 	 197 
281 	 388 
282 	 443 
283 	 462 
284 	 234 
285 	 445 
286 	 237 
287 	 485 
288 	 307 
285 	 492 
286 	 580 
287 	 639 
288 	 366 
281 	 408 
282 	 463 
283 	 507 
284 	 539 
285 	 633 
286 	 617 
287 	 666 
288 	 387 
273 	 784 
274 	 991 
275 	 927 
276 	 865 
277 	 944 
278 	 769 
279 	 657 
280 	 586 
281 	 536 
282 	 499 
283 	 516 
284 	 558 
285 	 642 
286 	 624 
287 	 676 
288 	 398 
289 	 523 
290 	 293 
291 	 491 
292 	 313 
289 	 559 
290 	 620 
291 	 683 
292 	 370 
293 	 386 
294 	 251 
295 	 455 
296 	 277 
293 	 416 
294 	 571 
295 	 617 
296 	 331 
289 	 573 
290 	 629 
291 	 718 
292 	 668 
293 	 619 
294 	 618 
295 	 652 
296 	 357 
297 	 495 
298 	 334 
299 	 610 
300 	 359 
297 	 538 
298 	 753 
299 	 848 
300 	 414 
301 	 744 
302 	 429 
303 	 978 
304 	 515 
301 	 787 
302 	 1093 
303 	 1287 
304 	 566 
297 	 556 
298 	 777 
299 	 888 
300 	 973 
301 	 1090 
302 	 1158 
303 	 1317 
304 	 587 
289 	 595 
290 	 649 
291 	 734 
292 	 683 
293 	 634 
294 	 643 
295 	 685 
296 	 722 
297 	 746 
298 	 831 
299 	 911 
300 	 990 
301 	 1108 
302 	 1165 
303 	 1330 
304 	 601 
305 	 688 
306 	 438 
307 	 510 
308 	 288 
305 	 722 
306 	 821 
307 	 738 
308 	 334 
309 	 458 
310 	 272 
311 	 516 
312 	 307 
309 	 495 
310 	 638 
311 	 716 
312 	 338 
305 	 742 
306 	 841 
307 	 777 
308 	 681 
309 	 723 
310 	 679 
311 	 727 
312 	 357 
313 	 544 
314 	 348 
315 	 551 
316 	 343 
313 	 579 
314 	 812 
315 	 812 
316 	 378 
317 	 482 
318 	 306 
319 	 431 
320 	 288 
317 	 507 
318 	 674 
319 	 651 
320 	 322 
313 	 592 
314 	 826 
315 	 838 
316 	 805 
317 	 801 
318 	 706 
319 	 660 
320 	 334 
305 	 763 
306 	 851 
307 	 785 
308 	 694 
309 	 736 
310 	 696 
311 	 772 
312 	 785 
313 	 815 
314 	 852 
315 	 855 
316 	 812 
317 	 811 
318 	 711 
319 	 666 
320 	 339 
321 	 497 
322 	 295 
323 	 574 
324 	 316 
321 	 524 
322 	 733 
323 	 795 
324 	 355 
325 	 567 
326 	 316 
327 	 652 
328 	 295 
325 	 584 
326 	 753 
327 	 867 
328 	 321 
321 	 529 
322 	 746 
323 	 813 
324 	 858 
325 	 865 
326 	 787 
327 	 875 
328 	 329 
329 	 686 
330 	 328 
331 	 983 
332 	 547 
329 	 709 
330 	 944 
331 	 1242 
332 	 590 
333 	 765 
334 	 528 
335 	 565 
336 	 421 
333 	 796 
334 	 904 
335 	 771 
336 	 471 
329 	 729 
330 	 958 
331 	 1264 
332 	 1278 
333 	 1098 
334 	 964 
335 	 786 
336 	 488 
321 	 537 
322 	 752 
323 	 823 
324 	 872 
325 	 868 
326 	 803 
327 	 891 
328 	 924 
329 	 964 
330 	 983 
331 	 1278 
332 	 1287 
333 	 1104 
334 	 976 
335 	 794 
336 	 491 
337 	 439 
338 	 264 
339 	 296 
340 	 210 
337 	 456 
338 	 472 
339 	 433 
340 	 226 
341 	 126 
342 	 98 
343 	 34 
344 	 1 
341 	 125 
342 	 109 
343 	 48 
344 	 1 
337 	 453 
338 	 476 
339 	 440 
340 	 319 
341 	 208 
342 	 120 
343 	 52 
344 	 1 
337 	 453 
338 	 476 
339 	 440 
340 	 319 
341 	 208 
342 	 120 
343 	 52 
344 	 1 
345 	 1 
346 	 1 
347 	 1 
348 	 1 
349 	 1 
350 	 1 
351 	 1 
352 	 1 
173 	 1 
174 	 1 
175 	 60 
176 	 35 
173 	 1 
174 	 28 
175 	 58 
176 	 38 
169 	 1 
170 	 1 
171 	 1 
172 	 1 
173 	 1 
174 	 28 
175 	 58 
176 	 38 
161 	 1 
162 	 1 
163 	 1 
164 	 1 
165 	 1 
166 	 1 
167 	 1 
168 	 1 
169 	 1 
170 	 1 
171 	 1 
172 	 1 
173 	 1 
174 	 28 
175 	 58 
176 	 38 
177 	 101 
178 	 71 
179 	 178 
180 	 94 
177 	 104 
178 	 147 
179 	 236 
180 	 131 
181 	 299 
182 	 214 
183 	 564 
184 	 383 
181 	 330 
182 	 582 
183 	 782 
184 	 489 
177 	 112 
178 	 152 
179 	 243 
180 	 290 
181 	 402 
182 	 615 
183 	 803 
184 	 506 
185 	 988 
186 	 595 
187 	 1256 
188 	 853 
185 	 1064 
186 	 1603 
187 	 1841 
188 	 1037 
189 	 1021 
190 	 718 
191 	 798 
192 	 543 
189 	 1112 
190 	 1263 
191 	 1227 
192 	 694 
185 	 1120 
186 	 1694 
187 	 1939 
188 	 1875 
189 	 1661 
190 	 1397 
191 	 1249 
192 	 724 
177 	 128 
178 	 164 
179 	 260 
180 	 298 
181 	 419 
182 	 651 
183 	 857 
184 	 1033 
185 	 1420 
186 	 1797 
187 	 1944 
188 	 1877 
189 	 1652 
190 	 1397 
191 	 1244 
192 	 743 
193 	 760 
194 	 508 
195 	 785 
196 	 502 
193 	 824 
194 	 1008 
195 	 1076 
196 	 618 
197 	 765 
198 	 479 
199 	 725 
200 	 455 
197 	 846 
198 	 946 
199 	 999 
200 	 552 
193 	 862 
194 	 1049 
195 	 1130 
196 	 1083 
197 	 1117 
198 	 1026 
199 	 1030 
200 	 584 
201 	 695 
202 	 425 
203 	 646 
204 	 475 
201 	 755 
202 	 929 
203 	 906 
204 	 558 
205 	 630 
206 	 366 
207 	 621 
208 	 433 
205 	 667 
206 	 745 
207 	 853 
208 	 525 
201 	 766 
202 	 944 
203 	 961 
204 	 1035 
205 	 949 
206 	 839 
207 	 887 
208 	 540 
193 	 892 
194 	 1065 
195 	 1143 
196 	 1102 
197 	 1140 
198 	 1058 
199 	 1082 
200 	 1063 
201 	 1030 
202 	 1024 
203 	 985 
204 	 1047 
205 	 944 
206 	 836 
207 	 883 
208 	 543 
209 	 612 
210 	 438 
211 	 619 
212 	 444 
209 	 686 
210 	 830 
211 	 811 
212 	 530 
213 	 601 
214 	 391 
215 	 575 
216 	 408 
213 	 665 
214 	 741 
215 	 756 
216 	 501 
209 	 701 
210 	 855 
211 	 869 
212 	 912 
213 	 911 
214 	 833 
215 	 796 
216 	 519 
217 	 568 
218 	 394 
219 	 605 
220 	 403 
217 	 634 
218 	 792 
219 	 784 
220 	 489 
221 	 602 
222 	 439 
223 	 591 
224 	 416 
221 	 683 
222 	 801 
223 	 782 
224 	 515 
217 	 652 
218 	 827 
219 	 835 
220 	 881 
221 	 904 
222 	 888 
223 	 834 
224 	 559 
209 	 705 
210 	 861 
211 	 878 
212 	 917 
213 	 927 
214 	 861 
215 	 855 
216 	 896 
217 	 863 
218 	 903 
219 	 883 
220 	 901 
221 	 913 
222 	 908 
223 	 852 
224 	 575 
225 	 576 
226 	 386 
227 	 673 
228 	 420 
225 	 653 
226 	 756 
227 	 865 
228 	 538 
229 	 649 
230 	 409 
231 	 607 
232 	 426 
229 	 729 
230 	 812 
231 	 829 
232 	 522 
225 	 692 
226 	 778 
227 	 920 
228 	 898 
229 	 942 
230 	 879 
231 	 861 
232 	 585 
233 	 701 
234 	 466 
235 	 702 
236 	 425 
233 	 823 
234 	 918 
235 	 898 
236 	 522 
237 	 692 
238 	 469 
239 	 668 
240 	 481 
237 	 789 
238 	 984 
239 	 907 
240 	 574 
233 	 887 
234 	 970 
235 	 970 
236 	 1018 
237 	 1021 
238 	 1054 
239 	 959 
240 	 659 
225 	 730 
226 	 801 
227 	 938 
228 	 917 
229 	 982 
230 	 938 
231 	 959 
232 	 965 
233 	 1068 
234 	 1022 
235 	 1003 
236 	 1055 
237 	 1050 
238 	 1082 
239 	 982 
240 	 716 
241 	 735 
242 	 480 
243 	 797 
244 	 504 
241 	 824 
242 	 1025 
243 	 1069 
244 	 633 
245 	 908 
246 	 635 
247 	 1049 
248 	 659 
245 	 1015 
246 	 1373 
247 	 1398 
248 	 792 
241 	 873 
242 	 1067 
243 	 1152 
244 	 1237 
245 	 1323 
246 	 1474 
247 	 1453 
248 	 855 
249 	 1235 
250 	 692 
251 	 1422 
252 	 896 
249 	 1343 
250 	 1649 
251 	 1886 
252 	 1048 
253 	 1453 
254 	 857 
255 	 1637 
256 	 995 
253 	 1594 
254 	 1932 
255 	 2115 
256 	 1178 
249 	 1401 
250 	 1717 
251 	 2001 
252 	 2041 
253 	 2085 
254 	 2060 
255 	 2180 
256 	 1262 
241 	 911 
242 	 1108 
243 	 1193 
244 	 1277 
245 	 1378 
246 	 1548 
247 	 1568 
248 	 1565 
249 	 1746 
250 	 1815 
251 	 2042 
252 	 2077 
253 	 2109 
254 	 2087 
255 	 2195 
256 	 1294 
257 	 1602 
258 	 972 
259 	 1609 
260 	 950 
257 	 1769 
258 	 2131 
259 	 2176 
260 	 1156 
261 	 1758 
262 	 1034 
263 	 2140 
264 	 1261 
261 	 1920 
262 	 2236 
263 	 2680 
264 	 1489 
257 	 1867 
258 	 2232 
259 	 2344 
260 	 2302 
261 	 2498 
262 	 2434 
263 	 2796 
264 	 1594 
265 	 2850 
266 	 1615 
267 	 2655 
268 	 1625 
265 	 3036 
266 	 3753 
267 	 3711 
268 	 1880 
269 	 2696 
270 	 1614 
271 	 2794 
272 	 1765 
269 	 2916 
270 	 3787 
271 	 3803 
272 	 1995 
265 	 3149 
266 	 3859 
267 	 3877 
268 	 3994 
269 	 3894 
270 	 4044 
271 	 3933 
272 	 2132 
257 	 1936 
258 	 2286 
259 	 2412 
260 	 2359 
261 	 2568 
262 	 2522 
263 	 2953 
264 	 3596 
265 	 4088 
266 	 4065 
267 	 3954 
268 	 4043 
269 	 3950 
270 	 4088 
271 	 3978 
272 	 2258 
273 	 2516 
274 	 1525 
275 	 2253 
276 	 1422 
273 	 2699 
274 	 3198 
275 	 3166 
276 	 1683 
277 	 2318 
278 	 1290 
279 	 2066 
280 	 1338 
277 	 2497 
278 	 3010 
279 	 2846 
280 	 1559 
273 	 2809 
274 	 3311 
275 	 3339 
276 	 3275 
277 	 3299 
278 	 3186 
279 	 2954 
280 	 1706 
281 	 1876 
282 	 1132 
283 	 1528 
284 	 946 
281 	 2022 
282 	 2306 
283 	 2080 
284 	 1135 
285 	 1447 
286 	 837 
287 	 1385 
288 	 859 
285 	 1575 
286 	 1872 
287 	 1840 
288 	 1037 
281 	 2083 
282 	 2371 
283 	 2209 
284 	 2174 
285 	 2028 
286 	 1999 
287 	 1898 
288 	 1104 
273 	 2879 
274 	 3343 
275 	 3377 
276 	 3314 
277 	 3345 
278 	 3255 
279 	 3083 
280 	 3011 
281 	 2775 
282 	 2520 
283 	 2273 
284 	 2216 
285 	 2055 
286 	 2026 
287 	 1929 
288 	 1141 
289 	 1307 
290 	 697 
291 	 1063 
292 	 607 
289 	 1443 
290 	 1531 
291 	 1441 
292 	 759 
293 	 1006 
294 	 518 
295 	 880 
296 	 525 
293 	 1088 
294 	 1129 
295 	 1190 
296 	 638 
289 	 1466 
290 	 1574 
291 	 1511 
292 	 1399 
293 	 1412 
294 	 1238 
295 	 1252 
296 	 708 
297 	 818 
298 	 440 
299 	 748 
300 	 401 
297 	 907 
298 	 974 
299 	 947 
300 	 518 
301 	 752 
302 	 450 
303 	 890 
304 	 496 
301 	 847 
302 	 1007 
303 	 1157 
304 	 612 
297 	 953 
298 	 1009 
299 	 999 
300 	 1064 
301 	 1052 
302 	 1073 
303 	 1212 
304 	 699 
289 	 1492 
290 	 1596 
291 	 1533 
292 	 1420 
293 	 1448 
294 	 1269 
295 	 1323 
296 	 1267 
297 	 1226 
298 	 1103 
299 	 1050 
300 	 1091 
301 	 1086 
302 	 1104 
303 	 1251 
304 	 759 
305 	 757 
306 	 497 
307 	 703 
308 	 411 
305 	 843 
306 	 970 
307 	 956 
308 	 544 
309 	 704 
310 	 451 
311 	 645 
312 	 425 
309 	 793 
310 	 953 
311 	 885 
312 	 523 
305 	 906 
306 	 1020 
307 	 1026 
308 	 1021 
309 	 998 
310 	 1013 
311 	 923 
312 	 589 
313 	 636 
314 	 389 
315 	 550 
316 	 323 
313 	 701 
314 	 778 
315 	 751 
316 	 402 
317 	 496 
318 	 322 
319 	 560 
320 	 359 
317 	 567 
318 	 741 
319 	 768 
320 	 446 
313 	 747 
314 	 812 
315 	 819 
316 	 768 
317 	 768 
318 	 817 
319 	 806 
320 	 499 
305 	 938 
306 	 1037 
307 	 1059 
308 	 1038 
309 	 1033 
310 	 1041 
311 	 1000 
312 	 983 
313 	 945 
314 	 876 
315 	 863 
316 	 794 
317 	 786 
318 	 832 
319 	 822 
320 	 548 
321 	 569 
322 	 350 
323 	 488 
324 	 346 
321 	 629 
322 	 746 
323 	 716 
324 	 443 
325 	 520 
326 	 328 
327 	 483 
328 	 322 
325 	 576 
326 	 683 
327 	 680 
328 	 402 
321 	 673 
322 	 796 
323 	 778 
324 	 750 
325 	 749 
326 	 733 
327 	 708 
328 	 432 
329 	 497 
330 	 342 
331 	 515 
332 	 309 
329 	 566 
330 	 728 
331 	 717 
332 	 399 
333 	 452 
334 	 340 
335 	 446 
336 	 302 
333 	 493 
334 	 644 
335 	 653 
336 	 386 
329 	 590 
330 	 748 
331 	 766 
332 	 729 
333 	 665 
334 	 700 
335 	 687 
336 	 430 
321 	 693 
322 	 807 
323 	 789 
324 	 756 
325 	 763 
326 	 755 
327 	 752 
328 	 730 
329 	 756 
330 	 813 
331 	 819 
332 	 747 
333 	 684 
334 	 723 
335 	 703 
336 	 479 
337 	 466 
338 	 329 
339 	 421 
340 	 318 
337 	 506 
338 	 649 
339 	 629 
340 	 396 
341 	 443 
342 	 334 
343 	 513 
344 	 401 
341 	 482 
342 	 708 
343 	 752 
344 	 468 
337 	 531 
338 	 674 
339 	 663 
340 	 690 
341 	 704 
342 	 766 
343 	 783 
344 	 508 
345 	 540 
346 	 394 
347 	 615 
348 	 450 
345 	 577 
346 	 856 
347 	 907 
348 	 531 
349 	 632 
350 	 412 
351 	 620 
352 	 441 
349 	 672 
350 	 867 
351 	 897 
352 	 516 
345 	 601 
346 	 882 
347 	 948 
348 	 953 
349 	 962 
350 	 934 
351 	 928 
352 	 538 
337 	 542 
338 	 687 
339 	 676 
340 	 705 
341 	 728 
342 	 803 
343 	 833 
344 	 882 
345 	 851 
346 	 965 
347 	 991 
348 	 982 
349 	 985 
350 	 948 
351 	 938 
352 	 553 
353 	 546 
354 	 362 
355 	 548 
356 	 328 
353 	 592 
354 	 733 
355 	 772 
356 	 385 
357 	 541 
358 	 292 
359 	 542 
360 	 373 
357 	 574 
358 	 668 
359 	 733 
360 	 424 
353 	 603 
354 	 752 
355 	 802 
356 	 741 
357 	 785 
358 	 712 
359 	 755 
360 	 452 
361 	 475 
362 	 327 
363 	 427 
364 	 289 
361 	 510 
362 	 692 
363 	 629 
364 	 363 
365 	 423 
366 	 305 
367 	 436 
368 	 290 
365 	 464 
366 	 598 
367 	 590 
368 	 338 
361 	 529 
362 	 709 
363 	 661 
364 	 672 
365 	 675 
366 	 648 
367 	 608 
368 	 372 
353 	 614 
354 	 759 
355 	 812 
356 	 756 
357 	 804 
358 	 743 
359 	 811 
360 	 770 
361 	 722 
362 	 762 
363 	 690 
364 	 689 
365 	 688 
366 	 659 
367 	 620 
368 	 396 
369 	 417 
370 	 265 
371 	 336 
372 	 250 
369 	 454 
370 	 522 
371 	 470 
372 	 292 
373 	 367 
374 	 256 
375 	 307 
376 	 206 
373 	 407 
374 	 483 
375 	 444 
376 	 273 
369 	 473 
370 	 538 
371 	 514 
372 	 581 
373 	 548 
374 	 521 
375 	 461 
376 	 289 
377 	 270 
378 	 212 
379 	 293 
380 	 204 
377 	 306 
378 	 391 
379 	 423 
380 	 243 
381 	 302 
382 	 235 
383 	 282 
384 	 198 
381 	 335 
382 	 425 
383 	 424 
384 	 243 
377 	 328 
378 	 411 
379 	 456 
380 	 419 
381 	 444 
382 	 450 
383 	 437 
384 	 263 
369 	 487 
370 	 547 
371 	 527 
372 	 584 
373 	 561 
374 	 544 
375 	 495 
376 	 500 
377 	 445 
378 	 437 
379 	 474 
380 	 425 
381 	 460 
382 	 456 
383 	 450 
384 	 300 
385 	 294 
386 	 242 
387 	 317 
388 	 229 
385 	 322 
386 	 451 
387 	 476 
388 	 259 
389 	 326 
390 	 237 
391 	 355 
392 	 240 
389 	 348 
390 	 482 
391 	 493 
392 	 283 
385 	 326 
386 	 464 
387 	 492 
388 	 537 
389 	 494 
390 	 516 
391 	 509 
392 	 299 
393 	 306 
394 	 220 
395 	 246 
396 	 216 
393 	 327 
394 	 356 
395 	 342 
396 	 258 
397 	 154 
398 	 120 
399 	 180 
400 	 132 
397 	 174 
398 	 271 
399 	 276 
400 	 142 
393 	 335 
394 	 370 
395 	 364 
396 	 370 
397 	 289 
398 	 305 
399 	 296 
400 	 150 
385 	 331 
386 	 463 
387 	 499 
388 	 532 
389 	 499 
390 	 520 
391 	 535 
392 	 466 
393 	 455 
394 	 406 
395 	 384 
396 	 387 
397 	 290 
398 	 310 
399 	 300 
400 	 153 
401 	 156 
402 	 119 
403 	 121 
404 	 94 
401 	 165 
402 	 224 
403 	 179 
404 	 98 
405 	 124 
406 	 63 
407 	 113 
408 	 77 
405 	 137 
406 	 158 
407 	 184 
408 	 84 
401 	 163 
402 	 226 
403 	 183 
404 	 194 
405 	 198 
406 	 167 
407 	 193 
408 	 84 
409 	 94 
410 	 69 
411 	 92 
412 	 65 
409 	 105 
410 	 138 
411 	 140 
412 	 74 
413 	 51 
414 	 71 
415 	 45 
416 	 47 
413 	 55 
414 	 123 
415 	 95 
416 	 52 
409 	 107 
410 	 142 
411 	 152 
412 	 146 
413 	 89 
414 	 128 
415 	 97 
416 	 46 
401 	 160 
402 	 234 
403 	 183 
404 	 197 
405 	 199 
406 	 172 
407 	 192 
408 	 162 
409 	 159 
410 	 150 
411 	 156 
412 	 145 
413 	 96 
414 	 129 
415 	 103 
416 	 55 
417 	 16 
418 	 24 
419 	 4 
420 	 1 
417 	 16 
418 	 33 
419 	 16 
420 	 1 
417 	 16 
418 	 33 
419 	 16 
420 	 1 
421 	 1 
422 	 1 
423 	 1 
424 	 1 
417 	 16 
418 	 33 
419 	 16 
420 	 1 
421 	 1 
422 	 1 
423 	 1 
424 	 1 
425 	 1 
426 	 1 
427 	 1 
428 	 1 
429 	 1 
430 	 1 
431 	 1 
432 	 1 
1 	 1202 
2 	 859 
3 	 1097 
4 	 768 
1 	 1483 
2 	 1607 
3 	 1524 
4 	 1038 
5 	 811 
6 	 635 
7 	 841 
8 	 588 
5 	 1019 
6 	 1145 
7 	 1106 
8 	 771 
1 	 1707 
2 	 1779 
3 	 1690 
4 	 1579 
5 	 1352 
6 	 1287 
7 	 1197 
8 	 843 
9 	 794 
10 	 542 
11 	 690 
12 	 519 
9 	 938 
10 	 897 
11 	 903 
12 	 672 
13 	 653 
14 	 468 
15 	 582 
16 	 444 
13 	 769 
14 	 790 
15 	 775 
16 	 579 
9 	 1043 
10 	 980 
11 	 1031 
12 	 981 
13 	 961 
14 	 896 
15 	 852 
16 	 659 
1 	 1814 
2 	 1862 
3 	 1752 
4 	 1621 
5 	 1400 
6 	 1347 
7 	 1282 
8 	 1263 
9 	 1294 
10 	 1081 
11 	 1089 
12 	 1019 
13 	 984 
14 	 919 
15 	 876 
16 	 697 
17 	 614 
18 	 474 
19 	 549 
20 	 410 
17 	 704 
18 	 833 
19 	 718 
20 	 532 
21 	 592 
22 	 413 
23 	 525 
24 	 411 
21 	 685 
22 	 758 
23 	 720 
24 	 512 
17 	 767 
18 	 891 
19 	 789 
20 	 804 
21 	 860 
22 	 834 
23 	 788 
24 	 585 
25 	 505 
26 	 396 
27 	 534 
28 	 375 
25 	 607 
26 	 721 
27 	 691 
28 	 461 
29 	 542 
30 	 386 
31 	 550 
32 	 375 
29 	 632 
30 	 709 
31 	 700 
32 	 485 
25 	 658 
26 	 768 
27 	 767 
28 	 797 
29 	 787 
30 	 782 
31 	 750 
32 	 545 
17 	 810 
18 	 934 
19 	 821 
20 	 846 
21 	 917 
22 	 897 
23 	 859 
24 	 814 
25 	 793 
26 	 826 
27 	 813 
28 	 824 
29 	 812 
30 	 807 
31 	 779 
32 	 571 
33 	 528 
34 	 364 
35 	 531 
36 	 323 
33 	 612 
34 	 724 
35 	 676 
36 	 431 
37 	 560 
38 	 364 
39 	 563 
40 	 445 
37 	 656 
38 	 720 
39 	 712 
40 	 557 
33 	 671 
34 	 763 
35 	 746 
36 	 764 
37 	 803 
38 	 787 
39 	 759 
40 	 630 
41 	 514 
42 	 400 
43 	 503 
44 	 341 
41 	 597 
42 	 730 
43 	 679 
44 	 453 
45 	 568 
46 	 372 
47 	 620 
48 	 431 
45 	 661 
46 	 738 
47 	 788 
48 	 551 
41 	 668 
42 	 796 
43 	 746 
44 	 733 
45 	 783 
46 	 793 
47 	 835 
48 	 603 
33 	 704 
34 	 788 
35 	 776 
36 	 796 
37 	 850 
38 	 841 
39 	 841 
40 	 898 
41 	 813 
42 	 848 
43 	 788 
44 	 766 
45 	 813 
46 	 825 
47 	 861 
48 	 653 
49 	 628 
50 	 451 
51 	 611 
52 	 413 
49 	 711 
50 	 816 
51 	 817 
52 	 534 
53 	 678 
54 	 438 
55 	 645 
56 	 445 
53 	 770 
54 	 885 
55 	 859 
56 	 562 
49 	 778 
50 	 871 
51 	 885 
52 	 899 
53 	 933 
54 	 953 
55 	 905 
56 	 640 
57 	 615 
58 	 432 
59 	 613 
60 	 422 
57 	 721 
58 	 793 
59 	 814 
60 	 521 
61 	 604 
62 	 418 
63 	 658 
64 	 467 
61 	 714 
62 	 815 
63 	 876 
64 	 557 
57 	 786 
58 	 864 
59 	 896 
60 	 885 
61 	 885 
62 	 872 
63 	 920 
64 	 625 
49 	 809 
50 	 889 
51 	 907 
52 	 932 
53 	 970 
54 	 1011 
55 	 978 
56 	 912 
57 	 943 
58 	 919 
59 	 930 
60 	 908 
61 	 907 
62 	 889 
63 	 945 
64 	 677 
65 	 594 
66 	 389 
67 	 595 
68 	 421 
65 	 697 
66 	 775 
67 	 780 
68 	 558 
69 	 602 
70 	 476 
71 	 593 
72 	 474 
69 	 697 
70 	 839 
71 	 798 
72 	 615 
65 	 760 
66 	 818 
67 	 844 
68 	 887 
69 	 864 
70 	 905 
71 	 849 
72 	 716 
73 	 616 
74 	 466 
75 	 542 
76 	 415 
73 	 699 
74 	 816 
75 	 763 
76 	 536 
77 	 511 
78 	 384 
79 	 566 
80 	 403 
77 	 612 
78 	 684 
79 	 757 
80 	 511 
73 	 746 
74 	 865 
75 	 827 
76 	 789 
77 	 806 
78 	 754 
79 	 816 
80 	 614 
65 	 790 
66 	 842 
67 	 872 
68 	 923 
69 	 910 
70 	 956 
71 	 910 
72 	 945 
73 	 940 
74 	 935 
75 	 873 
76 	 835 
77 	 839 
78 	 783 
79 	 842 
80 	 691 
81 	 572 
82 	 446 
83 	 535 
84 	 374 
81 	 683 
82 	 816 
83 	 719 
84 	 483 
85 	 529 
86 	 361 
87 	 569 
88 	 410 
85 	 607 
86 	 737 
87 	 719 
88 	 497 
81 	 745 
82 	 877 
83 	 795 
84 	 769 
85 	 773 
86 	 803 
87 	 774 
88 	 552 
89 	 550 
90 	 348 
91 	 592 
92 	 379 
89 	 637 
90 	 726 
91 	 760 
92 	 490 
93 	 606 
94 	 425 
95 	 525 
96 	 373 
93 	 692 
94 	 752 
95 	 716 
96 	 490 
89 	 700 
90 	 782 
91 	 826 
92 	 827 
93 	 857 
94 	 833 
95 	 766 
96 	 558 
81 	 769 
82 	 903 
83 	 816 
84 	 801 
85 	 797 
86 	 865 
87 	 845 
88 	 817 
89 	 844 
90 	 839 
91 	 860 
92 	 860 
93 	 883 
94 	 847 
95 	 781 
96 	 608 
97 	 577 
98 	 421 
99 	 528 
100 	 388 
97 	 665 
98 	 775 
99 	 731 
100 	 502 
101 	 533 
102 	 391 
103 	 573 
104 	 428 
101 	 605 
102 	 758 
103 	 786 
104 	 538 
97 	 712 
98 	 825 
99 	 795 
100 	 856 
101 	 819 
102 	 827 
103 	 835 
104 	 598 
105 	 505 
106 	 329 
107 	 517 
108 	 368 
105 	 576 
106 	 689 
107 	 743 
108 	 464 
109 	 543 
110 	 367 
111 	 546 
112 	 368 
109 	 603 
110 	 795 
111 	 811 
112 	 432 
105 	 622 
106 	 747 
107 	 807 
108 	 810 
109 	 800 
110 	 859 
111 	 852 
112 	 475 
97 	 740 
98 	 842 
99 	 812 
100 	 879 
101 	 847 
102 	 863 
103 	 891 
104 	 874 
105 	 814 
106 	 811 
107 	 846 
108 	 838 
109 	 827 
110 	 883 
111 	 867 
112 	 520 
113 	 552 
114 	 339 
115 	 536 
116 	 368 
113 	 619 
114 	 757 
115 	 757 
116 	 438 
117 	 491 
118 	 351 
119 	 497 
120 	 316 
117 	 555 
118 	 699 
119 	 677 
120 	 388 
113 	 662 
114 	 800 
115 	 809 
116 	 789 
117 	 758 
118 	 743 
119 	 702 
120 	 438 
121 	 482 
122 	 289 
123 	 490 
124 	 325 
121 	 540 
122 	 650 
123 	 675 
124 	 397 
125 	 487 
126 	 306 
127 	 436 
128 	 289 
125 	 547 
126 	 677 
127 	 625 
128 	 386 
121 	 564 
122 	 680 
123 	 733 
124 	 715 
125 	 727 
126 	 723 
127 	 652 
128 	 416 
113 	 684 
114 	 820 
115 	 831 
116 	 809 
117 	 784 
118 	 778 
119 	 765 
120 	 784 
121 	 745 
122 	 732 
123 	 760 
124 	 733 
125 	 745 
126 	 731 
127 	 661 
128 	 419 
129 	 460 
130 	 283 
131 	 439 
132 	 307 
129 	 509 
130 	 641 
131 	 632 
132 	 365 
133 	 438 
134 	 275 
135 	 467 
136 	 322 
133 	 503 
134 	 666 
135 	 648 
136 	 406 
129 	 541 
130 	 665 
131 	 676 
132 	 714 
133 	 677 
134 	 712 
135 	 668 
136 	 449 
137 	 623 
138 	 432 
139 	 645 
140 	 434 
137 	 676 
138 	 863 
139 	 896 
140 	 498 
141 	 670 
142 	 438 
143 	 748 
144 	 457 
141 	 729 
142 	 1012 
143 	 1077 
144 	 550 
137 	 704 
138 	 882 
139 	 938 
140 	 974 
141 	 975 
142 	 1067 
143 	 1113 
144 	 622 
129 	 551 
130 	 683 
131 	 690 
132 	 734 
133 	 705 
134 	 743 
135 	 731 
136 	 850 
137 	 897 
138 	 921 
139 	 963 
140 	 990 
141 	 988 
142 	 1079 
143 	 1121 
144 	 635 
145 	 846 
146 	 537 
147 	 890 
148 	 522 
145 	 923 
146 	 1226 
147 	 1195 
148 	 653 
149 	 859 
150 	 539 
151 	 793 
152 	 512 
149 	 931 
150 	 1149 
151 	 1129 
152 	 629 
145 	 966 
146 	 1268 
147 	 1260 
148 	 1259 
149 	 1260 
150 	 1222 
151 	 1174 
152 	 703 
153 	 793 
154 	 514 
155 	 832 
156 	 552 
153 	 859 
154 	 1136 
155 	 1195 
156 	 653 
157 	 931 
158 	 561 
159 	 875 
160 	 552 
157 	 995 
158 	 1255 
159 	 1250 
160 	 679 
153 	 893 
154 	 1169 
155 	 1252 
156 	 1255 
157 	 1378 
158 	 1333 
159 	 1285 
160 	 768 
145 	 1003 
146 	 1287 
147 	 1281 
148 	 1278 
149 	 1281 
150 	 1256 
151 	 1227 
152 	 1179 
153 	 1208 
154 	 1240 
155 	 1292 
156 	 1274 
157 	 1398 
158 	 1348 
159 	 1301 
160 	 820 
161 	 895 
162 	 565 
163 	 927 
164 	 545 
161 	 951 
162 	 1177 
163 	 1244 
164 	 629 
165 	 915 
166 	 563 
167 	 982 
168 	 596 
165 	 980 
166 	 1285 
167 	 1306 
168 	 708 
161 	 999 
162 	 1204 
163 	 1302 
164 	 1432 
165 	 1364 
166 	 1359 
167 	 1347 
168 	 735 
169 	 769 
170 	 469 
171 	 641 
172 	 429 
169 	 807 
170 	 1016 
171 	 969 
172 	 494 
173 	 590 
174 	 346 
175 	 504 
176 	 346 
173 	 634 
174 	 775 
175 	 763 
176 	 392 
169 	 826 
170 	 1034 
171 	 1015 
172 	 887 
173 	 909 
174 	 817 
175 	 789 
176 	 411 
161 	 1024 
162 	 1216 
163 	 1317 
164 	 1445 
165 	 1386 
166 	 1377 
167 	 1386 
168 	 1317 
169 	 1241 
170 	 1113 
171 	 1033 
172 	 904 
173 	 920 
174 	 832 
175 	 793 
176 	 434 
177 	 462 
178 	 298 
179 	 502 
180 	 292 
177 	 498 
178 	 697 
179 	 691 
180 	 330 
181 	 522 
182 	 283 
183 	 683 
184 	 385 
181 	 548 
182 	 757 
183 	 900 
184 	 451 
177 	 528 
178 	 711 
179 	 720 
180 	 710 
181 	 727 
182 	 788 
183 	 920 
184 	 456 
185 	 476 
186 	 327 
187 	 462 
188 	 292 
185 	 516 
186 	 689 
187 	 654 
188 	 331 
189 	 488 
190 	 284 
191 	 443 
192 	 335 
189 	 510 
190 	 696 
191 	 661 
192 	 372 
185 	 525 
186 	 702 
187 	 670 
188 	 660 
189 	 729 
190 	 736 
191 	 677 
192 	 401 
177 	 539 
178 	 715 
179 	 727 
180 	 717 
181 	 732 
182 	 807 
183 	 949 
184 	 895 
185 	 748 
186 	 753 
187 	 685 
188 	 672 
189 	 740 
190 	 745 
191 	 685 
192 	 411 
193 	 449 
194 	 263 
195 	 448 
196 	 265 
193 	 478 
194 	 600 
195 	 592 
196 	 302 
197 	 482 
198 	 286 
199 	 452 
200 	 275 
197 	 511 
198 	 614 
199 	 630 
200 	 312 
193 	 504 
194 	 610 
195 	 629 
196 	 689 
197 	 708 
198 	 653 
199 	 650 
200 	 324 
201 	 345 
202 	 216 
203 	 333 
204 	 197 
201 	 392 
202 	 463 
203 	 442 
204 	 221 
205 	 430 
206 	 312 
207 	 559 
208 	 337 
205 	 474 
206 	 667 
207 	 758 
208 	 420 
201 	 405 
202 	 473 
203 	 476 
204 	 561 
205 	 617 
206 	 706 
207 	 780 
208 	 434 
193 	 512 
194 	 624 
195 	 633 
196 	 700 
197 	 717 
198 	 668 
199 	 671 
200 	 616 
201 	 557 
202 	 515 
203 	 487 
204 	 571 
205 	 626 
206 	 711 
207 	 785 
208 	 459 
209 	 511 
210 	 304 
211 	 427 
212 	 283 
209 	 552 
210 	 666 
211 	 609 
212 	 340 
213 	 391 
214 	 273 
215 	 381 
216 	 227 
213 	 436 
214 	 542 
215 	 530 
216 	 283 
209 	 589 
210 	 692 
211 	 650 
212 	 651 
213 	 610 
214 	 577 
215 	 546 
216 	 323 
217 	 295 
218 	 197 
219 	 311 
220 	 213 
217 	 338 
218 	 450 
219 	 408 
220 	 244 
221 	 361 
222 	 233 
223 	 278 
224 	 207 
221 	 399 
222 	 471 
223 	 389 
224 	 254 
217 	 346 
218 	 469 
219 	 437 
220 	 548 
221 	 564 
222 	 506 
223 	 409 
224 	 273 
209 	 604 
210 	 702 
211 	 655 
212 	 664 
213 	 621 
214 	 595 
215 	 586 
216 	 500 
217 	 477 
218 	 505 
219 	 453 
220 	 560 
221 	 574 
222 	 518 
223 	 417 
224 	 297 
225 	 319 
226 	 187 
227 	 315 
228 	 215 
225 	 351 
226 	 436 
227 	 448 
228 	 245 
229 	 263 
230 	 154 
231 	 274 
232 	 197 
229 	 293 
230 	 357 
231 	 365 
232 	 252 
225 	 366 
226 	 457 
227 	 492 
228 	 446 
229 	 400 
230 	 381 
231 	 381 
232 	 277 
233 	 299 
234 	 173 
235 	 265 
236 	 197 
233 	 323 
234 	 380 
235 	 364 
236 	 232 
237 	 296 
238 	 205 
239 	 273 
240 	 185 
237 	 325 
238 	 410 
239 	 390 
240 	 224 
233 	 340 
234 	 405 
235 	 406 
236 	 387 
237 	 415 
238 	 446 
239 	 405 
240 	 243 
225 	 376 
226 	 463 
227 	 499 
228 	 458 
229 	 418 
230 	 411 
231 	 421 
232 	 448 
233 	 448 
234 	 440 
235 	 427 
236 	 403 
237 	 429 
238 	 450 
239 	 415 
240 	 251 
241 	 237 
242 	 145 
243 	 243 
244 	 185 
241 	 270 
242 	 304 
243 	 329 
244 	 229 
245 	 258 
246 	 185 
247 	 280 
248 	 176 
245 	 284 
246 	 416 
247 	 410 
248 	 224 
241 	 278 
242 	 331 
243 	 361 
244 	 375 
245 	 405 
246 	 455 
247 	 424 
248 	 244 
249 	 281 
250 	 171 
251 	 253 
252 	 160 
249 	 328 
250 	 361 
251 	 335 
252 	 209 
253 	 226 
254 	 160 
255 	 262 
256 	 156 
253 	 267 
254 	 336 
255 	 341 
256 	 192 
249 	 341 
250 	 379 
251 	 362 
252 	 368 
253 	 345 
254 	 373 
255 	 361 
256 	 234 
241 	 287 
242 	 335 
243 	 364 
244 	 391 
245 	 416 
246 	 468 
247 	 451 
248 	 478 
249 	 456 
250 	 417 
251 	 384 
252 	 380 
253 	 354 
254 	 383 
255 	 364 
256 	 272 
257 	 268 
258 	 177 
259 	 282 
260 	 182 
257 	 309 
258 	 394 
259 	 364 
260 	 234 
261 	 292 
262 	 185 
263 	 238 
264 	 170 
261 	 334 
262 	 369 
263 	 329 
264 	 233 
257 	 338 
258 	 431 
259 	 407 
260 	 409 
261 	 448 
262 	 411 
263 	 351 
264 	 254 
265 	 252 
266 	 156 
267 	 261 
268 	 209 
265 	 290 
266 	 349 
267 	 367 
268 	 248 
269 	 216 
270 	 143 
271 	 233 
272 	 171 
269 	 251 
270 	 311 
271 	 310 
272 	 217 
265 	 313 
266 	 375 
267 	 394 
268 	 404 
269 	 360 
270 	 348 
271 	 337 
272 	 248 
257 	 347 
258 	 434 
259 	 419 
260 	 424 
261 	 454 
262 	 439 
263 	 389 
264 	 419 
265 	 404 
266 	 414 
267 	 417 
268 	 422 
269 	 371 
270 	 362 
271 	 352 
272 	 268 
273 	 215 
274 	 153 
275 	 183 
276 	 150 
273 	 250 
274 	 289 
275 	 264 
276 	 182 
277 	 257 
278 	 169 
279 	 236 
280 	 145 
277 	 293 
278 	 316 
279 	 301 
280 	 181 
273 	 273 
274 	 311 
275 	 309 
276 	 294 
277 	 357 
278 	 339 
279 	 324 
280 	 194 
281 	 249 
282 	 132 
283 	 258 
284 	 159 
281 	 283 
282 	 299 
283 	 341 
284 	 209 
285 	 233 
286 	 137 
287 	 261 
288 	 187 
285 	 270 
286 	 346 
287 	 349 
288 	 230 
281 	 302 
282 	 318 
283 	 384 
284 	 348 
285 	 359 
286 	 368 
287 	 368 
288 	 267 
273 	 292 
274 	 324 
275 	 324 
276 	 311 
277 	 374 
278 	 377 
279 	 378 
280 	 370 
281 	 359 
282 	 342 
283 	 401 
284 	 357 
285 	 368 
286 	 380 
287 	 377 
288 	 287 
289 	 245 
290 	 172 
291 	 264 
292 	 178 
289 	 278 
290 	 354 
291 	 365 
292 	 222 
293 	 236 
294 	 179 
295 	 236 
296 	 162 
293 	 267 
294 	 298 
295 	 310 
296 	 206 
289 	 306 
290 	 376 
291 	 397 
292 	 367 
293 	 349 
294 	 330 
295 	 335 
296 	 227 
297 	 198 
298 	 141 
299 	 218 
300 	 157 
297 	 247 
298 	 300 
299 	 291 
300 	 193 
301 	 311 
302 	 165 
303 	 225 
304 	 141 
301 	 360 
302 	 322 
303 	 291 
304 	 189 
297 	 287 
298 	 337 
299 	 332 
300 	 299 
301 	 406 
302 	 341 
303 	 309 
304 	 212 
289 	 330 
290 	 389 
291 	 413 
292 	 385 
293 	 381 
294 	 364 
295 	 374 
296 	 358 
297 	 334 
298 	 368 
299 	 355 
300 	 315 
301 	 420 
302 	 352 
303 	 326 
304 	 255 
305 	 361 
306 	 189 
307 	 311 
308 	 234 
305 	 402 
306 	 403 
307 	 401 
308 	 264 
309 	 271 
310 	 154 
311 	 295 
312 	 135 
309 	 302 
310 	 327 
311 	 360 
312 	 181 
305 	 428 
306 	 430 
307 	 444 
308 	 412 
309 	 386 
310 	 349 
311 	 382 
312 	 203 
313 	 264 
314 	 169 
315 	 304 
316 	 182 
313 	 323 
314 	 367 
315 	 374 
316 	 236 
317 	 300 
318 	 182 
319 	 337 
320 	 169 
317 	 333 
318 	 376 
319 	 425 
320 	 217 
313 	 340 
314 	 392 
315 	 408 
316 	 389 
317 	 411 
318 	 408 
319 	 445 
320 	 245 
305 	 445 
306 	 445 
307 	 459 
308 	 426 
309 	 410 
310 	 375 
311 	 424 
312 	 352 
313 	 404 
314 	 414 
315 	 435 
316 	 411 
317 	 427 
318 	 423 
319 	 457 
320 	 271 
321 	 249 
322 	 150 
323 	 274 
324 	 151 
321 	 287 
322 	 371 
323 	 353 
324 	 190 
325 	 348 
326 	 205 
327 	 411 
328 	 239 
325 	 392 
326 	 434 
327 	 503 
328 	 295 
321 	 311 
322 	 396 
323 	 393 
324 	 412 
325 	 456 
326 	 461 
327 	 520 
328 	 328 
329 	 608 
330 	 364 
331 	 598 
332 	 358 
329 	 654 
330 	 799 
331 	 812 
332 	 444 
333 	 619 
334 	 359 
335 	 423 
336 	 333 
333 	 681 
334 	 726 
335 	 617 
336 	 419 
329 	 690 
330 	 835 
331 	 845 
332 	 779 
333 	 881 
334 	 777 
335 	 643 
336 	 476 
321 	 332 
322 	 409 
323 	 400 
324 	 422 
325 	 472 
326 	 479 
327 	 557 
328 	 604 
329 	 794 
330 	 866 
331 	 871 
332 	 796 
333 	 891 
334 	 782 
335 	 644 
336 	 497 
337 	 485 
338 	 244 
339 	 426 
340 	 228 
337 	 530 
338 	 562 
339 	 563 
340 	 290 
341 	 400 
342 	 214 
343 	 424 
344 	 244 
341 	 433 
342 	 530 
343 	 548 
344 	 295 
337 	 541 
338 	 578 
339 	 596 
340 	 610 
341 	 564 
342 	 562 
343 	 571 
344 	 326 
345 	 445 
346 	 237 
347 	 505 
348 	 252 
345 	 480 
346 	 599 
347 	 618 
348 	 301 
349 	 603 
350 	 296 
351 	 562 
352 	 294 
349 	 628 
350 	 870 
351 	 767 
352 	 346 
345 	 491 
346 	 609 
347 	 646 
348 	 693 
349 	 816 
350 	 898 
351 	 774 
352 	 348 
337 	 563 
338 	 590 
339 	 602 
340 	 616 
341 	 573 
342 	 572 
343 	 591 
344 	 627 
345 	 633 
346 	 657 
347 	 669 
348 	 708 
349 	 823 
350 	 905 
351 	 782 
352 	 372 
353 	 432 
354 	 202 
355 	 443 
356 	 207 
353 	 459 
354 	 521 
355 	 551 
356 	 245 
357 	 580 
358 	 243 
359 	 568 
360 	 324 
357 	 613 
358 	 711 
359 	 763 
360 	 372 
353 	 467 
354 	 535 
355 	 574 
356 	 609 
357 	 732 
358 	 742 
359 	 772 
360 	 395 
361 	 520 
362 	 263 
363 	 462 
364 	 216 
361 	 550 
362 	 591 
363 	 600 
364 	 240 
365 	 391 
366 	 182 
367 	 307 
368 	 188 
365 	 407 
366 	 487 
367 	 455 
368 	 201 
361 	 561 
362 	 598 
363 	 607 
364 	 549 
365 	 532 
366 	 506 
367 	 458 
368 	 216 
353 	 475 
354 	 541 
355 	 579 
356 	 618 
357 	 739 
358 	 760 
359 	 808 
360 	 731 
361 	 737 
362 	 628 
363 	 622 
364 	 560 
365 	 538 
366 	 512 
367 	 465 
368 	 218 
369 	 62 
370 	 31 
371 	 1 
372 	 1 
369 	 64 
370 	 29 
371 	 10 
372 	 1 
369 	 64 
370 	 29 
371 	 10 
372 	 1 
373 	 1 
374 	 1 
375 	 1 
376 	 1 
369 	 64 
370 	 29 
371 	 10 
372 	 1 
373 	 1 
374 	 1 
375 	 1 
376 	 1 
377 	 1 
378 	 1 
379 	 1 
380 	 1 
381 	 1 
382 	 1 
383 	 1 
384 	 1 
