512 	 5295 
256 	 2068 
256 	 3762 
128 	 441 
128 	 705 
64 	 245 
64 	 440 
8 	 183 
8 	 40 
4 	 27 
4 	 7 
2 	 66 
2 	 27 
1 	 52 
1 	 26 
1 	 101 
1 	 77 
4 	 185 
4 	 105 
2 	 139 
2 	 65 
1 	 118 
1 	 82 
1 	 136 
1 	 67 
2 	 214 
2 	 142 
1 	 179 
1 	 84 
1 	 231 
1 	 151 
32 	 645 
32 	 434 
16 	 441 
16 	 382 
8 	 259 
8 	 142 
4 	 216 
4 	 175 
2 	 203 
2 	 128 
1 	 196 
1 	 121 
1 	 192 
1 	 122 
2 	 228 
2 	 160 
1 	 199 
1 	 130 
1 	 183 
1 	 142 
4 	 418 
4 	 282 
2 	 226 
2 	 134 
1 	 191 
1 	 131 
1 	 397 
1 	 209 
2 	 494 
2 	 349 
1 	 447 
1 	 311 
1 	 410 
1 	 297 
8 	 548 
8 	 308 
4 	 472 
4 	 295 
2 	 434 
2 	 271 
1 	 395 
1 	 257 
1 	 399 
1 	 273 
2 	 438 
2 	 249 
1 	 396 
1 	 276 
1 	 385 
1 	 217 
4 	 449 
4 	 209 
2 	 371 
2 	 197 
1 	 374 
1 	 209 
1 	 283 
1 	 185 
2 	 398 
2 	 223 
1 	 299 
1 	 177 
1 	 311 
1 	 220 
16 	 594 
16 	 225 
8 	 459 
8 	 296 
4 	 411 
4 	 255 
2 	 360 
2 	 201 
1 	 310 
1 	 207 
1 	 334 
1 	 190 
2 	 393 
2 	 283 
1 	 380 
1 	 243 
1 	 370 
1 	 264 
4 	 445 
4 	 269 
2 	 354 
2 	 184 
1 	 282 
1 	 188 
1 	 316 
1 	 183 
2 	 349 
2 	 191 
1 	 298 
1 	 163 
1 	 242 
1 	 165 
8 	 524 
8 	 324 
4 	 597 
4 	 259 
2 	 428 
2 	 159 
1 	 268 
1 	 138 
1 	 346 
1 	 201 
2 	 518 
2 	 251 
1 	 408 
1 	 242 
1 	 403 
1 	 207 
4 	 489 
4 	 321 
2 	 358 
2 	 182 
1 	 314 
1 	 187 
1 	 330 
1 	 236 
2 	 395 
2 	 219 
1 	 320 
1 	 244 
1 	 259 
1 	 179 
64 	 1426 
64 	 926 
32 	 566 
32 	 369 
16 	 640 
16 	 486 
8 	 402 
8 	 339 
4 	 318 
4 	 204 
2 	 268 
2 	 170 
1 	 223 
1 	 147 
1 	 244 
1 	 160 
2 	 285 
2 	 182 
1 	 231 
1 	 160 
1 	 345 
1 	 218 
4 	 567 
4 	 398 
2 	 408 
2 	 304 
1 	 330 
1 	 273 
1 	 467 
1 	 257 
2 	 560 
2 	 361 
1 	 476 
1 	 357 
1 	 546 
1 	 373 
8 	 623 
8 	 332 
4 	 580 
4 	 376 
2 	 490 
2 	 382 
1 	 447 
1 	 337 
1 	 430 
1 	 285 
2 	 467 
2 	 310 
1 	 426 
1 	 288 
1 	 411 
1 	 301 
4 	 477 
4 	 265 
2 	 481 
2 	 266 
1 	 385 
1 	 260 
1 	 398 
1 	 255 
2 	 367 
2 	 215 
1 	 338 
1 	 192 
1 	 271 
1 	 176 
16 	 576 
16 	 287 
8 	 511 
8 	 325 
4 	 450 
4 	 237 
2 	 404 
2 	 217 
1 	 303 
1 	 183 
1 	 308 
1 	 204 
2 	 459 
2 	 216 
1 	 359 
1 	 192 
1 	 300 
1 	 184 
4 	 409 
4 	 259 
2 	 385 
2 	 210 
1 	 331 
1 	 204 
1 	 299 
1 	 193 
2 	 415 
2 	 220 
1 	 306 
1 	 163 
1 	 269 
1 	 159 
8 	 1182 
8 	 612 
4 	 857 
4 	 419 
2 	 332 
2 	 165 
1 	 270 
1 	 151 
1 	 362 
1 	 158 
2 	 1008 
2 	 564 
1 	 852 
1 	 459 
1 	 1125 
1 	 553 
4 	 1128 
4 	 705 
2 	 1154 
2 	 615 
1 	 1005 
1 	 589 
1 	 1054 
1 	 575 
2 	 1076 
2 	 595 
1 	 991 
1 	 535 
1 	 999 
1 	 534 
32 	 1441 
32 	 932 
16 	 1238 
16 	 600 
8 	 1315 
8 	 623 
4 	 1320 
4 	 657 
2 	 1109 
2 	 545 
1 	 949 
1 	 602 
1 	 1047 
1 	 616 
2 	 1092 
2 	 534 
1 	 922 
1 	 513 
1 	 784 
1 	 429 
4 	 951 
4 	 515 
2 	 798 
2 	 473 
1 	 766 
1 	 469 
1 	 675 
1 	 388 
2 	 771 
2 	 421 
1 	 630 
1 	 368 
1 	 669 
1 	 441 
8 	 908 
8 	 529 
4 	 839 
4 	 486 
2 	 648 
2 	 398 
1 	 558 
1 	 351 
1 	 532 
1 	 368 
2 	 668 
2 	 385 
1 	 566 
1 	 351 
1 	 556 
1 	 337 
4 	 695 
4 	 455 
2 	 645 
2 	 385 
1 	 568 
1 	 366 
1 	 432 
1 	 322 
2 	 524 
2 	 359 
1 	 429 
1 	 301 
1 	 432 
1 	 277 
16 	 1134 
16 	 604 
8 	 912 
8 	 519 
4 	 642 
4 	 349 
2 	 502 
2 	 305 
1 	 410 
1 	 257 
1 	 381 
1 	 247 
2 	 442 
2 	 319 
1 	 337 
1 	 240 
1 	 332 
1 	 252 
4 	 732 
4 	 447 
2 	 629 
2 	 400 
1 	 520 
1 	 343 
1 	 375 
1 	 275 
2 	 640 
2 	 384 
1 	 465 
1 	 343 
1 	 339 
1 	 252 
8 	 1003 
8 	 446 
4 	 687 
4 	 354 
2 	 547 
2 	 299 
1 	 414 
1 	 259 
1 	 357 
1 	 213 
2 	 547 
2 	 333 
1 	 380 
1 	 282 
1 	 456 
1 	 321 
4 	 950 
4 	 494 
2 	 829 
2 	 387 
1 	 555 
1 	 352 
1 	 602 
1 	 374 
2 	 794 
2 	 374 
1 	 616 
1 	 369 
1 	 577 
1 	 358 
128 	 3238 
128 	 1025 
64 	 1769 
64 	 460 
32 	 1443 
32 	 730 
16 	 1501 
16 	 874 
8 	 1136 
8 	 489 
4 	 915 
4 	 464 
2 	 856 
2 	 396 
1 	 599 
1 	 341 
1 	 607 
1 	 318 
2 	 828 
2 	 390 
1 	 605 
1 	 348 
1 	 664 
1 	 401 
4 	 1110 
4 	 524 
2 	 857 
2 	 483 
1 	 660 
1 	 349 
1 	 770 
1 	 428 
2 	 1276 
2 	 600 
1 	 860 
1 	 481 
1 	 1105 
1 	 662 
8 	 1444 
8 	 792 
4 	 1412 
4 	 666 
2 	 1283 
2 	 727 
1 	 1120 
1 	 598 
1 	 1060 
1 	 583 
2 	 1322 
2 	 746 
1 	 1072 
1 	 619 
1 	 1138 
1 	 687 
4 	 1270 
4 	 723 
2 	 1237 
2 	 762 
1 	 1004 
1 	 642 
1 	 1029 
1 	 650 
2 	 1047 
2 	 696 
1 	 999 
1 	 550 
1 	 912 
1 	 502 
16 	 735 
16 	 356 
8 	 767 
8 	 339 
4 	 1034 
4 	 547 
2 	 834 
2 	 477 
1 	 770 
1 	 466 
1 	 744 
1 	 513 
2 	 631 
2 	 279 
1 	 510 
1 	 271 
1 	 331 
1 	 204 
4 	 522 
4 	 183 
2 	 401 
2 	 153 
1 	 324 
1 	 174 
1 	 264 
1 	 125 
2 	 362 
2 	 146 
1 	 244 
1 	 145 
1 	 262 
1 	 143 
8 	 563 
8 	 228 
4 	 514 
4 	 221 
2 	 380 
2 	 181 
1 	 237 
1 	 145 
1 	 318 
1 	 174 
2 	 379 
2 	 168 
1 	 271 
1 	 137 
1 	 260 
1 	 112 
4 	 470 
4 	 200 
2 	 399 
2 	 182 
1 	 300 
1 	 132 
1 	 258 
1 	 130 
2 	 442 
2 	 174 
1 	 283 
1 	 116 
1 	 383 
1 	 185 
32 	 1276 
32 	 725 
16 	 1090 
16 	 539 
8 	 893 
8 	 561 
4 	 723 
4 	 401 
2 	 675 
2 	 355 
1 	 492 
1 	 226 
1 	 593 
1 	 307 
2 	 724 
2 	 330 
1 	 573 
1 	 337 
1 	 441 
1 	 274 
4 	 896 
4 	 453 
2 	 785 
2 	 384 
1 	 563 
1 	 293 
1 	 705 
1 	 373 
2 	 634 
2 	 249 
1 	 455 
1 	 223 
1 	 384 
1 	 184 
8 	 685 
8 	 364 
4 	 554 
4 	 249 
2 	 470 
2 	 191 
1 	 345 
1 	 154 
1 	 326 
1 	 182 
2 	 337 
2 	 204 
1 	 273 
1 	 198 
1 	 296 
1 	 158 
4 	 416 
4 	 244 
2 	 385 
2 	 196 
1 	 304 
1 	 220 
1 	 305 
1 	 154 
2 	 336 
2 	 181 
1 	 256 
1 	 171 
1 	 381 
1 	 225 
16 	 753 
16 	 289 
8 	 620 
8 	 280 
4 	 522 
4 	 296 
2 	 535 
2 	 374 
1 	 435 
1 	 232 
1 	 413 
1 	 326 
2 	 407 
2 	 242 
1 	 398 
1 	 200 
1 	 301 
1 	 185 
4 	 527 
4 	 299 
2 	 426 
2 	 207 
1 	 356 
1 	 185 
1 	 391 
1 	 232 
2 	 460 
2 	 302 
1 	 357 
1 	 236 
1 	 357 
1 	 243 
8 	 745 
8 	 350 
4 	 552 
4 	 271 
2 	 401 
2 	 232 
1 	 330 
1 	 213 
1 	 413 
1 	 206 
2 	 528 
2 	 273 
1 	 410 
1 	 235 
1 	 440 
1 	 224 
4 	 738 
4 	 385 
2 	 646 
2 	 354 
1 	 514 
1 	 262 
1 	 499 
1 	 281 
2 	 623 
2 	 344 
1 	 541 
1 	 338 
1 	 561 
1 	 285 
64 	 1553 
64 	 296 
32 	 2132 
32 	 1303 
16 	 1876 
16 	 1227 
8 	 1418 
8 	 796 
4 	 813 
4 	 435 
2 	 665 
2 	 400 
1 	 560 
1 	 309 
1 	 635 
1 	 363 
2 	 792 
2 	 403 
1 	 577 
1 	 354 
1 	 881 
1 	 425 
4 	 1773 
4 	 989 
2 	 1609 
2 	 929 
1 	 1409 
1 	 839 
1 	 1371 
1 	 789 
2 	 1790 
2 	 983 
1 	 1607 
1 	 924 
1 	 1364 
1 	 775 
8 	 1573 
8 	 703 
4 	 1533 
4 	 825 
2 	 1398 
2 	 804 
1 	 1003 
1 	 590 
1 	 833 
1 	 518 
2 	 956 
2 	 540 
1 	 711 
1 	 486 
1 	 623 
1 	 420 
4 	 1113 
4 	 489 
2 	 723 
2 	 375 
1 	 548 
1 	 341 
1 	 634 
1 	 351 
2 	 687 
2 	 360 
1 	 509 
1 	 283 
1 	 496 
1 	 253 
16 	 1548 
16 	 674 
8 	 1361 
8 	 668 
4 	 1136 
4 	 481 
2 	 822 
2 	 352 
1 	 477 
1 	 234 
1 	 609 
1 	 262 
2 	 947 
2 	 363 
1 	 703 
1 	 328 
1 	 630 
1 	 340 
4 	 1467 
4 	 497 
2 	 1092 
2 	 411 
1 	 862 
1 	 373 
1 	 753 
1 	 330 
2 	 994 
2 	 459 
1 	 792 
1 	 366 
1 	 778 
1 	 374 
8 	 964 
8 	 351 
4 	 944 
4 	 453 
2 	 807 
2 	 419 
1 	 636 
1 	 343 
1 	 509 
1 	 310 
2 	 715 
2 	 487 
1 	 678 
1 	 330 
1 	 623 
1 	 366 
4 	 386 
4 	 178 
2 	 536 
2 	 271 
1 	 453 
1 	 250 
1 	 309 
1 	 177 
2 	 151 
2 	 59 
1 	 98 
1 	 88 
1 	 48 
1 	 44 
8 	 85 
8 	 12 
4 	 82 
4 	 66 
2 	 64 
2 	 37 
1 	 55 
1 	 30 
1 	 32 
1 	 35 
2 	 57 
2 	 31 
1 	 49 
1 	 37 
1 	 28 
1 	 15 
1 	 10 
1 	 0 
512 	 5295 
256 	 2068 
256 	 3762 
128 	 441 
128 	 705 
64 	 245 
64 	 440 
8 	 183 
8 	 40 
4 	 27 
4 	 7 
2 	 66 
2 	 27 
1 	 52 
1 	 26 
1 	 101 
1 	 77 
4 	 182 
4 	 107 
2 	 138 
2 	 65 
1 	 118 
1 	 82 
1 	 137 
1 	 67 
2 	 210 
2 	 144 
1 	 175 
1 	 85 
1 	 229 
1 	 153 
32 	 589 
32 	 429 
16 	 428 
16 	 378 
8 	 254 
8 	 145 
4 	 215 
4 	 173 
2 	 205 
2 	 137 
1 	 199 
1 	 125 
1 	 191 
1 	 125 
2 	 229 
2 	 158 
1 	 204 
1 	 133 
1 	 183 
1 	 145 
4 	 408 
4 	 280 
2 	 223 
2 	 130 
1 	 194 
1 	 129 
1 	 393 
1 	 207 
2 	 474 
2 	 348 
1 	 437 
1 	 314 
1 	 407 
1 	 297 
8 	 515 
8 	 295 
4 	 449 
4 	 289 
2 	 417 
2 	 262 
1 	 381 
1 	 254 
1 	 385 
1 	 272 
2 	 427 
2 	 249 
1 	 382 
1 	 278 
1 	 378 
1 	 223 
4 	 437 
4 	 209 
2 	 363 
2 	 194 
1 	 364 
1 	 212 
1 	 288 
1 	 183 
2 	 384 
2 	 216 
1 	 306 
1 	 172 
1 	 300 
1 	 211 
16 	 544 
16 	 212 
8 	 434 
8 	 288 
4 	 404 
4 	 254 
2 	 349 
2 	 209 
1 	 291 
1 	 218 
1 	 320 
1 	 183 
2 	 379 
2 	 277 
1 	 363 
1 	 239 
1 	 348 
1 	 259 
4 	 428 
4 	 263 
2 	 338 
2 	 187 
1 	 272 
1 	 182 
1 	 315 
1 	 180 
2 	 339 
2 	 185 
1 	 292 
1 	 164 
1 	 238 
1 	 159 
8 	 474 
8 	 308 
4 	 554 
4 	 246 
2 	 407 
2 	 157 
1 	 254 
1 	 140 
1 	 314 
1 	 202 
2 	 500 
2 	 246 
1 	 389 
1 	 240 
1 	 385 
1 	 210 
4 	 445 
4 	 314 
2 	 336 
2 	 185 
1 	 289 
1 	 188 
1 	 304 
1 	 229 
2 	 374 
2 	 218 
1 	 297 
1 	 238 
1 	 244 
1 	 178 
64 	 1320 
64 	 931 
32 	 532 
32 	 370 
16 	 609 
16 	 473 
8 	 415 
8 	 336 
4 	 306 
4 	 198 
2 	 248 
2 	 172 
1 	 211 
1 	 147 
1 	 227 
1 	 162 
2 	 258 
2 	 180 
1 	 208 
1 	 161 
1 	 313 
1 	 221 
4 	 525 
4 	 387 
2 	 370 
2 	 309 
1 	 292 
1 	 275 
1 	 415 
1 	 254 
2 	 518 
2 	 366 
1 	 433 
1 	 362 
1 	 501 
1 	 377 
8 	 553 
8 	 336 
4 	 509 
4 	 378 
2 	 437 
2 	 383 
1 	 409 
1 	 342 
1 	 383 
1 	 291 
2 	 425 
2 	 303 
1 	 390 
1 	 300 
1 	 374 
1 	 304 
4 	 436 
4 	 269 
2 	 429 
2 	 273 
1 	 342 
1 	 271 
1 	 365 
1 	 264 
2 	 330 
2 	 215 
1 	 314 
1 	 197 
1 	 254 
1 	 178 
16 	 557 
16 	 282 
8 	 462 
8 	 320 
4 	 401 
4 	 234 
2 	 366 
2 	 219 
1 	 272 
1 	 189 
1 	 284 
1 	 204 
2 	 416 
2 	 222 
1 	 331 
1 	 198 
1 	 270 
1 	 189 
4 	 360 
4 	 259 
2 	 341 
2 	 212 
1 	 297 
1 	 201 
1 	 274 
1 	 194 
2 	 357 
2 	 225 
1 	 281 
1 	 177 
1 	 238 
1 	 168 
8 	 1127 
8 	 604 
4 	 789 
4 	 420 
2 	 298 
2 	 182 
1 	 236 
1 	 164 
1 	 327 
1 	 163 
2 	 917 
2 	 576 
1 	 781 
1 	 470 
1 	 1044 
1 	 559 
4 	 1031 
4 	 694 
2 	 1077 
2 	 602 
1 	 943 
1 	 591 
1 	 957 
1 	 590 
2 	 979 
2 	 588 
1 	 905 
1 	 547 
1 	 899 
1 	 530 
32 	 1250 
32 	 898 
16 	 1115 
16 	 607 
8 	 1190 
8 	 611 
4 	 1202 
4 	 648 
2 	 1016 
2 	 539 
1 	 858 
1 	 621 
1 	 959 
1 	 610 
2 	 1021 
2 	 535 
1 	 837 
1 	 523 
1 	 733 
1 	 446 
4 	 861 
4 	 509 
2 	 736 
2 	 477 
1 	 690 
1 	 469 
1 	 606 
1 	 411 
2 	 720 
2 	 425 
1 	 557 
1 	 379 
1 	 602 
1 	 452 
8 	 781 
8 	 516 
4 	 743 
4 	 482 
2 	 578 
2 	 413 
1 	 475 
1 	 366 
1 	 473 
1 	 371 
2 	 610 
2 	 391 
1 	 505 
1 	 347 
1 	 474 
1 	 339 
4 	 600 
4 	 444 
2 	 560 
2 	 391 
1 	 495 
1 	 367 
1 	 380 
1 	 315 
2 	 437 
2 	 352 
1 	 366 
1 	 304 
1 	 402 
1 	 267 
16 	 1085 
16 	 568 
8 	 809 
8 	 490 
4 	 568 
4 	 341 
2 	 436 
2 	 300 
1 	 362 
1 	 246 
1 	 328 
1 	 238 
2 	 389 
2 	 316 
1 	 290 
1 	 248 
1 	 283 
1 	 246 
4 	 642 
4 	 425 
2 	 518 
2 	 387 
1 	 441 
1 	 333 
1 	 335 
1 	 264 
2 	 531 
2 	 386 
1 	 352 
1 	 344 
1 	 305 
1 	 249 
8 	 945 
8 	 414 
4 	 618 
4 	 340 
2 	 447 
2 	 303 
1 	 341 
1 	 265 
1 	 293 
1 	 226 
2 	 481 
2 	 342 
1 	 298 
1 	 294 
1 	 373 
1 	 313 
4 	 888 
4 	 468 
2 	 751 
2 	 399 
1 	 473 
1 	 357 
1 	 532 
1 	 377 
2 	 735 
2 	 379 
1 	 519 
1 	 379 
1 	 504 
1 	 367 
128 	 3028 
128 	 1039 
64 	 1731 
64 	 464 
32 	 1406 
32 	 717 
16 	 1486 
16 	 847 
8 	 1091 
8 	 479 
4 	 857 
4 	 464 
2 	 772 
2 	 393 
1 	 531 
1 	 349 
1 	 525 
1 	 333 
2 	 765 
2 	 393 
1 	 523 
1 	 354 
1 	 562 
1 	 426 
4 	 1064 
4 	 511 
2 	 787 
2 	 494 
1 	 572 
1 	 364 
1 	 668 
1 	 456 
2 	 1188 
2 	 598 
1 	 770 
1 	 481 
1 	 1007 
1 	 680 
8 	 1386 
8 	 772 
4 	 1348 
4 	 643 
2 	 1218 
2 	 721 
1 	 1019 
1 	 614 
1 	 940 
1 	 592 
2 	 1228 
2 	 728 
1 	 993 
1 	 619 
1 	 1017 
1 	 690 
4 	 1234 
4 	 711 
2 	 1151 
2 	 756 
1 	 945 
1 	 643 
1 	 950 
1 	 646 
2 	 979 
2 	 672 
1 	 942 
1 	 545 
1 	 844 
1 	 498 
16 	 698 
16 	 336 
8 	 731 
8 	 330 
4 	 975 
4 	 538 
2 	 798 
2 	 478 
1 	 725 
1 	 462 
1 	 688 
1 	 508 
2 	 578 
2 	 286 
1 	 478 
1 	 282 
1 	 299 
1 	 208 
4 	 499 
4 	 175 
2 	 375 
2 	 153 
1 	 280 
1 	 179 
1 	 231 
1 	 134 
2 	 334 
2 	 152 
1 	 223 
1 	 143 
1 	 223 
1 	 161 
8 	 529 
8 	 210 
4 	 471 
4 	 219 
2 	 347 
2 	 177 
1 	 219 
1 	 138 
1 	 289 
1 	 174 
2 	 342 
2 	 172 
1 	 234 
1 	 145 
1 	 246 
1 	 113 
4 	 432 
4 	 193 
2 	 353 
2 	 177 
1 	 263 
1 	 131 
1 	 235 
1 	 124 
2 	 423 
2 	 170 
1 	 263 
1 	 123 
1 	 362 
1 	 182 
32 	 1154 
32 	 731 
16 	 949 
16 	 539 
8 	 818 
8 	 535 
4 	 676 
4 	 373 
2 	 630 
2 	 337 
1 	 448 
1 	 221 
1 	 538 
1 	 292 
2 	 660 
2 	 325 
1 	 514 
1 	 327 
1 	 390 
1 	 273 
4 	 810 
4 	 447 
2 	 716 
2 	 370 
1 	 514 
1 	 284 
1 	 631 
1 	 368 
2 	 538 
2 	 245 
1 	 395 
1 	 222 
1 	 348 
1 	 179 
8 	 597 
8 	 363 
4 	 460 
4 	 246 
2 	 405 
2 	 193 
1 	 307 
1 	 156 
1 	 286 
1 	 180 
2 	 283 
2 	 208 
1 	 213 
1 	 200 
1 	 254 
1 	 161 
4 	 363 
4 	 247 
2 	 329 
2 	 201 
1 	 246 
1 	 233 
1 	 261 
1 	 167 
2 	 282 
2 	 195 
1 	 212 
1 	 183 
1 	 317 
1 	 235 
16 	 675 
16 	 297 
8 	 539 
8 	 287 
4 	 437 
4 	 308 
2 	 462 
2 	 380 
1 	 354 
1 	 245 
1 	 346 
1 	 345 
2 	 350 
2 	 260 
1 	 330 
1 	 211 
1 	 235 
1 	 194 
4 	 457 
4 	 311 
2 	 366 
2 	 232 
1 	 291 
1 	 205 
1 	 307 
1 	 256 
2 	 378 
2 	 322 
1 	 290 
1 	 259 
1 	 289 
1 	 266 
8 	 656 
8 	 364 
4 	 460 
4 	 277 
2 	 320 
2 	 253 
1 	 263 
1 	 227 
1 	 340 
1 	 225 
2 	 442 
2 	 290 
1 	 327 
1 	 261 
1 	 366 
1 	 249 
4 	 627 
4 	 407 
2 	 541 
2 	 379 
1 	 423 
1 	 287 
1 	 406 
1 	 315 
2 	 521 
2 	 364 
1 	 441 
1 	 357 
1 	 454 
1 	 312 
64 	 1292 
64 	 328 
32 	 1924 
32 	 1301 
16 	 1660 
16 	 1207 
8 	 1328 
8 	 805 
4 	 756 
4 	 458 
2 	 573 
2 	 420 
1 	 476 
1 	 340 
1 	 513 
1 	 393 
2 	 691 
2 	 426 
1 	 487 
1 	 395 
1 	 733 
1 	 449 
4 	 1611 
4 	 985 
2 	 1412 
2 	 964 
1 	 1202 
1 	 865 
1 	 1191 
1 	 833 
2 	 1596 
2 	 991 
1 	 1429 
1 	 960 
1 	 1146 
1 	 812 
8 	 1330 
8 	 703 
4 	 1288 
4 	 821 
2 	 1169 
2 	 824 
1 	 823 
1 	 652 
1 	 655 
1 	 583 
2 	 755 
2 	 603 
1 	 557 
1 	 546 
1 	 473 
1 	 473 
4 	 915 
4 	 504 
2 	 587 
2 	 419 
1 	 442 
1 	 381 
1 	 517 
1 	 381 
2 	 595 
2 	 369 
1 	 443 
1 	 304 
1 	 458 
1 	 259 
16 	 1459 
16 	 654 
8 	 1392 
8 	 629 
4 	 1083 
4 	 467 
2 	 807 
2 	 352 
1 	 472 
1 	 250 
1 	 598 
1 	 258 
2 	 940 
2 	 341 
1 	 670 
1 	 326 
1 	 608 
1 	 330 
4 	 1415 
4 	 478 
2 	 1047 
2 	 405 
1 	 802 
1 	 361 
1 	 711 
1 	 329 
2 	 936 
2 	 463 
1 	 746 
1 	 369 
1 	 719 
1 	 377 
8 	 843 
8 	 352 
4 	 859 
4 	 449 
2 	 734 
2 	 427 
1 	 589 
1 	 340 
1 	 474 
1 	 322 
2 	 646 
2 	 495 
1 	 614 
1 	 332 
1 	 553 
1 	 388 
4 	 330 
4 	 172 
2 	 460 
2 	 275 
1 	 390 
1 	 264 
1 	 275 
1 	 185 
2 	 125 
2 	 61 
1 	 89 
1 	 89 
1 	 38 
1 	 46 
8 	 74 
8 	 5 
4 	 73 
4 	 65 
2 	 54 
2 	 45 
1 	 42 
1 	 31 
1 	 29 
1 	 37 
2 	 45 
2 	 31 
1 	 40 
1 	 33 
1 	 20 
1 	 13 
1 	 5 
1 	 4 
512 	 4585 
256 	 2387 
256 	 2992 
128 	 694 
128 	 683 
8 	 227 
8 	 40 
4 	 15 
4 	 3 
1 	 9 
1 	 3 
2 	 45 
2 	 24 
1 	 17 
1 	 9 
1 	 67 
1 	 28 
4 	 564 
4 	 325 
2 	 330 
2 	 165 
1 	 205 
1 	 100 
1 	 285 
1 	 162 
2 	 605 
2 	 299 
1 	 429 
1 	 270 
1 	 479 
1 	 285 
64 	 1483 
64 	 1146 
32 	 1062 
32 	 1064 
16 	 851 
16 	 625 
8 	 735 
8 	 635 
4 	 709 
4 	 378 
2 	 627 
2 	 301 
1 	 526 
1 	 271 
1 	 436 
1 	 247 
2 	 512 
2 	 272 
1 	 460 
1 	 258 
1 	 418 
1 	 267 
4 	 678 
4 	 327 
2 	 490 
2 	 310 
1 	 428 
1 	 274 
1 	 440 
1 	 232 
2 	 564 
2 	 335 
1 	 458 
1 	 275 
1 	 409 
1 	 251 
8 	 644 
8 	 442 
4 	 548 
4 	 382 
2 	 457 
2 	 338 
1 	 421 
1 	 270 
1 	 419 
1 	 319 
2 	 479 
2 	 324 
1 	 435 
1 	 343 
1 	 385 
1 	 330 
4 	 612 
4 	 412 
2 	 488 
2 	 374 
1 	 424 
1 	 317 
1 	 452 
1 	 372 
2 	 552 
2 	 409 
1 	 522 
1 	 389 
1 	 448 
1 	 374 
16 	 908 
16 	 649 
8 	 768 
8 	 510 
4 	 608 
4 	 442 
2 	 561 
2 	 393 
1 	 489 
1 	 386 
1 	 455 
1 	 371 
2 	 579 
2 	 438 
1 	 476 
1 	 405 
1 	 502 
1 	 402 
4 	 714 
4 	 498 
2 	 653 
2 	 514 
1 	 546 
1 	 468 
1 	 576 
1 	 448 
2 	 598 
2 	 459 
1 	 520 
1 	 422 
1 	 544 
1 	 428 
8 	 1011 
8 	 509 
4 	 833 
4 	 504 
2 	 649 
2 	 466 
1 	 543 
1 	 448 
1 	 581 
1 	 461 
2 	 690 
2 	 552 
1 	 564 
1 	 474 
1 	 551 
1 	 447 
4 	 694 
4 	 447 
2 	 657 
2 	 456 
1 	 496 
1 	 380 
1 	 508 
1 	 379 
2 	 517 
2 	 377 
1 	 384 
1 	 319 
1 	 402 
1 	 338 
32 	 697 
32 	 357 
16 	 541 
16 	 325 
8 	 494 
8 	 286 
4 	 462 
4 	 293 
2 	 435 
2 	 318 
1 	 373 
1 	 276 
1 	 328 
1 	 258 
2 	 334 
2 	 242 
1 	 285 
1 	 238 
1 	 244 
1 	 199 
4 	 349 
4 	 252 
2 	 284 
2 	 221 
1 	 254 
1 	 214 
1 	 254 
1 	 227 
2 	 334 
2 	 278 
1 	 287 
1 	 267 
1 	 249 
1 	 226 
8 	 363 
8 	 263 
4 	 347 
4 	 229 
2 	 317 
2 	 243 
1 	 264 
1 	 216 
1 	 207 
1 	 201 
2 	 282 
2 	 221 
1 	 224 
1 	 183 
1 	 222 
1 	 204 
4 	 325 
4 	 231 
2 	 254 
2 	 216 
1 	 210 
1 	 186 
1 	 229 
1 	 195 
2 	 245 
2 	 200 
1 	 213 
1 	 187 
1 	 217 
1 	 178 
16 	 650 
16 	 390 
8 	 389 
8 	 202 
4 	 288 
4 	 186 
2 	 240 
2 	 190 
1 	 187 
1 	 171 
1 	 193 
1 	 162 
2 	 261 
2 	 181 
1 	 189 
1 	 143 
1 	 220 
1 	 170 
4 	 450 
4 	 276 
2 	 421 
2 	 282 
1 	 370 
1 	 227 
1 	 312 
1 	 251 
2 	 380 
2 	 273 
1 	 366 
1 	 244 
1 	 399 
1 	 279 
8 	 1630 
8 	 1067 
4 	 903 
4 	 511 
2 	 636 
2 	 406 
1 	 461 
1 	 299 
1 	 721 
1 	 470 
2 	 1409 
2 	 872 
1 	 1143 
1 	 686 
1 	 1652 
1 	 1005 
4 	 2085 
4 	 1111 
2 	 1918 
2 	 957 
1 	 1645 
1 	 981 
1 	 1925 
1 	 1310 
2 	 1989 
2 	 1068 
1 	 1789 
1 	 1056 
1 	 1788 
1 	 1155 
128 	 1840 
128 	 955 
64 	 2429 
64 	 3770 
32 	 2938 
32 	 1878 
16 	 2242 
16 	 1595 
8 	 2111 
8 	 1128 
4 	 1818 
4 	 981 
2 	 1813 
2 	 1001 
1 	 1744 
1 	 1055 
1 	 1608 
1 	 1019 
2 	 1831 
2 	 1033 
1 	 1551 
1 	 989 
1 	 1636 
1 	 1068 
4 	 2011 
4 	 1175 
2 	 1864 
2 	 1086 
1 	 1576 
1 	 1054 
1 	 1646 
1 	 1081 
2 	 1978 
2 	 1299 
1 	 1658 
1 	 1141 
1 	 1761 
1 	 1273 
8 	 2386 
8 	 1479 
4 	 2182 
4 	 1380 
2 	 1920 
2 	 1285 
1 	 1765 
1 	 1190 
1 	 1785 
1 	 1250 
2 	 2090 
2 	 1381 
1 	 1890 
1 	 1282 
1 	 1902 
1 	 1311 
4 	 2276 
4 	 1552 
2 	 2051 
2 	 1495 
1 	 1881 
1 	 1375 
1 	 1830 
1 	 1313 
2 	 2124 
2 	 1351 
1 	 1860 
1 	 1294 
1 	 1911 
1 	 1362 
16 	 2888 
16 	 1788 
8 	 3091 
8 	 1803 
4 	 3018 
4 	 1856 
2 	 2423 
2 	 1544 
1 	 2063 
1 	 1440 
1 	 2482 
1 	 1627 
2 	 3147 
2 	 1799 
1 	 2789 
1 	 1703 
1 	 2802 
1 	 1790 
4 	 2803 
4 	 1621 
2 	 2631 
2 	 1511 
1 	 2367 
1 	 1535 
1 	 2261 
1 	 1506 
2 	 2513 
2 	 1561 
1 	 2114 
1 	 1479 
1 	 2040 
1 	 1505 
8 	 2461 
8 	 1670 
4 	 2358 
4 	 1453 
2 	 2164 
2 	 1464 
1 	 2009 
1 	 1450 
1 	 1752 
1 	 1348 
2 	 1947 
2 	 1341 
1 	 1623 
1 	 1215 
1 	 1601 
1 	 1192 
4 	 2132 
4 	 1308 
2 	 1908 
2 	 1287 
1 	 1559 
1 	 1209 
1 	 1468 
1 	 1096 
2 	 1810 
2 	 1210 
1 	 1440 
1 	 1087 
1 	 1370 
1 	 1035 
32 	 2058 
32 	 1280 
16 	 1808 
16 	 988 
8 	 1722 
8 	 1009 
4 	 1583 
4 	 1055 
2 	 1378 
2 	 1058 
1 	 1238 
1 	 924 
1 	 1112 
1 	 874 
2 	 1298 
2 	 924 
1 	 1067 
1 	 840 
1 	 1009 
1 	 860 
4 	 1508 
4 	 968 
2 	 1274 
2 	 942 
1 	 1057 
1 	 871 
1 	 1005 
1 	 788 
2 	 1190 
2 	 841 
1 	 1005 
1 	 804 
1 	 979 
1 	 751 
8 	 1358 
8 	 908 
4 	 1249 
4 	 823 
2 	 1136 
2 	 864 
1 	 920 
1 	 733 
1 	 960 
1 	 735 
2 	 1104 
2 	 810 
1 	 950 
1 	 756 
1 	 923 
1 	 752 
4 	 1298 
4 	 918 
2 	 1041 
2 	 823 
1 	 903 
1 	 749 
1 	 991 
1 	 704 
2 	 1218 
2 	 864 
1 	 956 
1 	 712 
1 	 959 
1 	 695 
16 	 1441 
16 	 422 
8 	 1054 
8 	 428 
4 	 1054 
4 	 643 
2 	 969 
2 	 681 
1 	 852 
1 	 650 
1 	 685 
1 	 523 
2 	 622 
2 	 382 
1 	 534 
1 	 402 
1 	 378 
1 	 293 
4 	 524 
4 	 305 
2 	 471 
2 	 276 
1 	 358 
1 	 249 
1 	 341 
1 	 271 
2 	 440 
2 	 294 
1 	 352 
1 	 240 
1 	 318 
1 	 218 
8 	 523 
8 	 191 
4 	 429 
4 	 157 
2 	 346 
2 	 201 
1 	 251 
1 	 197 
1 	 255 
1 	 187 
2 	 281 
2 	 165 
1 	 227 
1 	 142 
1 	 223 
1 	 154 
4 	 270 
4 	 155 
2 	 300 
2 	 167 
1 	 252 
1 	 148 
1 	 226 
1 	 156 
2 	 176 
2 	 143 
1 	 162 
1 	 130 
1 	 149 
1 	 93 
8 	 129 
8 	 93 
4 	 178 
4 	 123 
2 	 152 
2 	 98 
1 	 137 
1 	 104 
1 	 140 
1 	 98 
2 	 111 
2 	 90 
1 	 114 
1 	 92 
1 	 87 
1 	 84 
4 	 41 
4 	 18 
2 	 54 
2 	 44 
1 	 51 
1 	 49 
1 	 34 
1 	 25 
2 	 11 
2 	 6 
1 	 8 
1 	 6 
1 	 5 
1 	 3 
512 	 5755 
256 	 1600 
256 	 3452 
128 	 3348 
128 	 1499 
64 	 1880 
64 	 998 
32 	 931 
32 	 681 
16 	 736 
16 	 586 
8 	 659 
8 	 517 
4 	 544 
4 	 498 
2 	 481 
2 	 477 
1 	 440 
1 	 424 
1 	 473 
1 	 383 
2 	 545 
2 	 378 
1 	 408 
1 	 316 
1 	 418 
1 	 315 
4 	 929 
4 	 467 
2 	 599 
2 	 454 
1 	 479 
1 	 361 
1 	 479 
1 	 381 
2 	 679 
2 	 437 
1 	 529 
1 	 387 
1 	 560 
1 	 430 
8 	 1058 
8 	 543 
4 	 711 
4 	 535 
2 	 598 
2 	 459 
1 	 499 
1 	 430 
1 	 519 
1 	 417 
2 	 592 
2 	 448 
1 	 462 
1 	 390 
1 	 493 
1 	 410 
4 	 831 
4 	 527 
2 	 657 
2 	 469 
1 	 533 
1 	 393 
1 	 499 
1 	 436 
2 	 579 
2 	 426 
1 	 484 
1 	 388 
1 	 521 
1 	 394 
16 	 1400 
16 	 849 
8 	 983 
8 	 749 
4 	 822 
4 	 598 
2 	 650 
2 	 453 
1 	 506 
1 	 410 
1 	 619 
1 	 518 
2 	 706 
2 	 569 
1 	 624 
1 	 549 
1 	 618 
1 	 502 
4 	 860 
4 	 618 
2 	 771 
2 	 620 
1 	 643 
1 	 560 
1 	 672 
1 	 544 
2 	 694 
2 	 560 
1 	 646 
1 	 495 
1 	 586 
1 	 495 
8 	 1172 
8 	 926 
4 	 860 
4 	 661 
2 	 768 
2 	 576 
1 	 625 
1 	 491 
1 	 666 
1 	 552 
2 	 816 
2 	 651 
1 	 698 
1 	 557 
1 	 653 
1 	 545 
4 	 939 
4 	 772 
2 	 756 
2 	 621 
1 	 641 
1 	 531 
1 	 637 
1 	 558 
2 	 806 
2 	 603 
1 	 666 
1 	 536 
1 	 599 
1 	 476 
32 	 2170 
32 	 937 
16 	 1738 
16 	 851 
8 	 1424 
8 	 741 
4 	 1151 
4 	 746 
2 	 864 
2 	 629 
1 	 604 
1 	 512 
1 	 737 
1 	 593 
2 	 976 
2 	 719 
1 	 763 
1 	 585 
1 	 744 
1 	 638 
4 	 1249 
4 	 791 
2 	 1053 
2 	 696 
1 	 816 
1 	 612 
1 	 832 
1 	 640 
2 	 1044 
2 	 787 
1 	 829 
1 	 694 
1 	 818 
1 	 691 
8 	 1490 
8 	 777 
4 	 1185 
4 	 810 
2 	 1007 
2 	 769 
1 	 871 
1 	 669 
1 	 871 
1 	 686 
2 	 1010 
2 	 784 
1 	 828 
1 	 682 
1 	 896 
1 	 727 
4 	 1322 
4 	 815 
2 	 1139 
2 	 802 
1 	 903 
1 	 700 
1 	 1010 
1 	 768 
2 	 1160 
2 	 808 
1 	 941 
1 	 732 
1 	 946 
1 	 792 
16 	 1801 
16 	 861 
8 	 1612 
8 	 882 
4 	 1415 
4 	 881 
2 	 1089 
2 	 813 
1 	 924 
1 	 721 
1 	 968 
1 	 784 
2 	 1143 
2 	 846 
1 	 989 
1 	 784 
1 	 962 
1 	 790 
4 	 1246 
4 	 870 
2 	 1155 
2 	 829 
1 	 980 
1 	 789 
1 	 951 
1 	 754 
2 	 1039 
2 	 830 
1 	 902 
1 	 764 
1 	 912 
1 	 703 
8 	 1282 
8 	 696 
4 	 1107 
4 	 787 
2 	 1005 
2 	 794 
1 	 893 
1 	 680 
1 	 858 
1 	 692 
2 	 979 
2 	 714 
1 	 850 
1 	 634 
1 	 780 
1 	 641 
4 	 1120 
4 	 747 
2 	 945 
2 	 717 
1 	 812 
1 	 626 
1 	 795 
1 	 619 
2 	 908 
2 	 688 
1 	 762 
1 	 588 
1 	 768 
1 	 594 
64 	 1557 
64 	 669 
32 	 1299 
32 	 486 
16 	 1099 
16 	 499 
8 	 1140 
8 	 619 
4 	 950 
4 	 587 
2 	 884 
2 	 605 
1 	 738 
1 	 564 
1 	 700 
1 	 534 
2 	 926 
2 	 649 
1 	 774 
1 	 580 
1 	 804 
1 	 600 
4 	 963 
4 	 539 
2 	 858 
2 	 607 
1 	 799 
1 	 582 
1 	 729 
1 	 562 
2 	 829 
2 	 568 
1 	 737 
1 	 572 
1 	 714 
1 	 577 
8 	 856 
8 	 502 
4 	 834 
4 	 551 
2 	 771 
2 	 580 
1 	 700 
1 	 557 
1 	 704 
1 	 557 
2 	 775 
2 	 559 
1 	 682 
1 	 561 
1 	 674 
1 	 501 
4 	 753 
4 	 446 
2 	 745 
2 	 510 
1 	 716 
1 	 540 
1 	 662 
1 	 458 
2 	 677 
2 	 465 
1 	 620 
1 	 494 
1 	 640 
1 	 501 
16 	 780 
16 	 343 
8 	 744 
8 	 406 
4 	 769 
4 	 427 
2 	 703 
2 	 494 
1 	 653 
1 	 469 
1 	 627 
1 	 506 
2 	 713 
2 	 501 
1 	 644 
1 	 478 
1 	 634 
1 	 501 
4 	 709 
4 	 451 
2 	 722 
2 	 465 
1 	 644 
1 	 471 
1 	 655 
1 	 485 
2 	 692 
2 	 476 
1 	 674 
1 	 489 
1 	 615 
1 	 485 
8 	 648 
8 	 371 
4 	 679 
4 	 395 
2 	 635 
2 	 433 
1 	 603 
1 	 466 
1 	 588 
1 	 459 
2 	 697 
2 	 464 
1 	 639 
1 	 483 
1 	 666 
1 	 463 
4 	 695 
4 	 389 
2 	 675 
2 	 430 
1 	 665 
1 	 460 
1 	 608 
1 	 412 
2 	 768 
2 	 477 
1 	 687 
1 	 521 
1 	 720 
1 	 504 
32 	 1244 
32 	 639 
16 	 833 
16 	 534 
8 	 1005 
8 	 515 
4 	 846 
4 	 465 
2 	 812 
2 	 480 
1 	 748 
1 	 531 
1 	 763 
1 	 508 
2 	 863 
2 	 515 
1 	 789 
1 	 568 
1 	 816 
1 	 600 
4 	 803 
4 	 531 
2 	 792 
2 	 474 
1 	 762 
1 	 533 
1 	 757 
1 	 463 
2 	 701 
2 	 470 
1 	 631 
1 	 502 
1 	 569 
1 	 400 
8 	 867 
8 	 607 
4 	 700 
4 	 436 
2 	 614 
2 	 422 
1 	 531 
1 	 402 
1 	 510 
1 	 400 
2 	 682 
2 	 438 
1 	 584 
1 	 429 
1 	 710 
1 	 437 
4 	 857 
4 	 531 
2 	 728 
2 	 520 
1 	 634 
1 	 527 
1 	 588 
1 	 508 
2 	 709 
2 	 527 
1 	 607 
1 	 469 
1 	 604 
1 	 509 
16 	 1206 
16 	 599 
8 	 994 
8 	 580 
4 	 784 
4 	 491 
2 	 640 
2 	 496 
1 	 568 
1 	 448 
1 	 616 
1 	 426 
2 	 856 
2 	 527 
1 	 639 
1 	 471 
1 	 796 
1 	 596 
4 	 898 
4 	 572 
2 	 760 
2 	 563 
1 	 628 
1 	 564 
1 	 716 
1 	 533 
2 	 900 
2 	 637 
1 	 748 
1 	 549 
1 	 779 
1 	 599 
8 	 1009 
8 	 664 
4 	 917 
4 	 665 
2 	 847 
2 	 576 
1 	 757 
1 	 526 
1 	 744 
1 	 601 
2 	 893 
2 	 647 
1 	 773 
1 	 555 
1 	 736 
1 	 568 
4 	 988 
4 	 653 
2 	 815 
2 	 569 
1 	 690 
1 	 561 
1 	 730 
1 	 560 
2 	 800 
2 	 603 
1 	 674 
1 	 564 
1 	 643 
1 	 509 
128 	 2002 
128 	 457 
64 	 1766 
64 	 761 
32 	 1492 
32 	 867 
16 	 1259 
16 	 908 
8 	 1021 
8 	 676 
4 	 953 
4 	 654 
2 	 800 
2 	 647 
1 	 677 
1 	 537 
1 	 640 
1 	 555 
2 	 878 
2 	 640 
1 	 706 
1 	 553 
1 	 750 
1 	 596 
4 	 971 
4 	 692 
2 	 795 
2 	 641 
1 	 675 
1 	 581 
1 	 712 
1 	 593 
2 	 963 
2 	 711 
1 	 738 
1 	 588 
1 	 770 
1 	 628 
8 	 1202 
8 	 730 
4 	 1036 
4 	 699 
2 	 906 
2 	 659 
1 	 787 
1 	 649 
1 	 744 
1 	 533 
2 	 803 
2 	 586 
1 	 687 
1 	 575 
1 	 663 
1 	 517 
4 	 951 
4 	 659 
2 	 815 
2 	 583 
1 	 741 
1 	 540 
1 	 683 
1 	 534 
2 	 801 
2 	 560 
1 	 659 
1 	 488 
1 	 564 
1 	 477 
16 	 1183 
16 	 600 
8 	 977 
8 	 590 
4 	 901 
4 	 564 
2 	 788 
2 	 523 
1 	 628 
1 	 424 
1 	 619 
1 	 468 
2 	 717 
2 	 526 
1 	 610 
1 	 471 
1 	 579 
1 	 486 
4 	 868 
4 	 507 
2 	 713 
2 	 517 
1 	 579 
1 	 474 
1 	 555 
1 	 445 
2 	 669 
2 	 471 
1 	 574 
1 	 414 
1 	 556 
1 	 469 
8 	 704 
8 	 510 
4 	 682 
4 	 493 
2 	 622 
2 	 475 
1 	 528 
1 	 468 
1 	 528 
1 	 404 
2 	 584 
2 	 497 
1 	 498 
1 	 420 
1 	 531 
1 	 471 
4 	 632 
4 	 496 
2 	 554 
2 	 517 
1 	 553 
1 	 417 
1 	 476 
1 	 431 
2 	 513 
2 	 435 
1 	 447 
1 	 393 
1 	 413 
1 	 357 
32 	 706 
32 	 300 
16 	 707 
16 	 333 
8 	 613 
8 	 358 
4 	 556 
4 	 424 
2 	 470 
2 	 384 
1 	 409 
1 	 349 
1 	 407 
1 	 353 
2 	 501 
2 	 374 
1 	 413 
1 	 325 
1 	 453 
1 	 355 
4 	 546 
4 	 296 
2 	 466 
2 	 331 
1 	 397 
1 	 352 
1 	 408 
1 	 308 
2 	 441 
2 	 370 
1 	 371 
1 	 346 
1 	 416 
1 	 284 
8 	 584 
8 	 318 
4 	 466 
4 	 347 
2 	 433 
2 	 365 
1 	 384 
1 	 327 
1 	 389 
1 	 316 
2 	 440 
2 	 363 
1 	 391 
1 	 324 
1 	 402 
1 	 312 
4 	 488 
4 	 312 
2 	 494 
2 	 307 
1 	 389 
1 	 303 
1 	 431 
1 	 306 
2 	 474 
2 	 350 
1 	 381 
1 	 304 
1 	 426 
1 	 299 
16 	 606 
16 	 289 
8 	 530 
8 	 307 
4 	 463 
4 	 222 
2 	 470 
2 	 295 
1 	 411 
1 	 292 
1 	 425 
1 	 301 
2 	 434 
2 	 279 
1 	 376 
1 	 302 
1 	 439 
1 	 294 
4 	 498 
4 	 223 
2 	 420 
2 	 285 
1 	 430 
1 	 298 
1 	 346 
1 	 272 
2 	 474 
2 	 284 
1 	 392 
1 	 278 
1 	 395 
1 	 294 
8 	 495 
8 	 293 
4 	 426 
4 	 260 
2 	 400 
2 	 264 
1 	 338 
1 	 296 
1 	 404 
1 	 280 
2 	 377 
2 	 284 
1 	 346 
1 	 256 
1 	 393 
1 	 259 
4 	 563 
4 	 336 
2 	 481 
2 	 292 
1 	 418 
1 	 337 
1 	 416 
1 	 273 
2 	 507 
2 	 315 
1 	 448 
1 	 300 
1 	 400 
1 	 224 
4 	 242 
4 	 56 
2 	 303 
2 	 160 
1 	 293 
1 	 169 
1 	 120 
1 	 58 
512 	 5295 
256 	 2068 
256 	 3762 
128 	 441 
128 	 705 
64 	 245 
64 	 440 
8 	 183 
8 	 40 
4 	 27 
4 	 7 
2 	 66 
2 	 27 
1 	 52 
1 	 26 
1 	 101 
1 	 77 
4 	 185 
4 	 105 
2 	 139 
2 	 65 
1 	 118 
1 	 82 
1 	 136 
1 	 67 
2 	 214 
2 	 142 
1 	 179 
1 	 84 
1 	 231 
1 	 151 
32 	 645 
32 	 434 
16 	 441 
16 	 382 
8 	 259 
8 	 142 
4 	 216 
4 	 175 
2 	 203 
2 	 128 
1 	 196 
1 	 121 
1 	 192 
1 	 122 
2 	 228 
2 	 160 
1 	 199 
1 	 130 
1 	 183 
1 	 142 
4 	 418 
4 	 282 
2 	 226 
2 	 134 
1 	 191 
1 	 131 
1 	 397 
1 	 209 
2 	 494 
2 	 349 
1 	 447 
1 	 311 
1 	 410 
1 	 297 
8 	 548 
8 	 308 
4 	 472 
4 	 295 
2 	 434 
2 	 271 
1 	 395 
1 	 257 
1 	 399 
1 	 273 
2 	 438 
2 	 249 
1 	 396 
1 	 276 
1 	 385 
1 	 217 
4 	 449 
4 	 209 
2 	 371 
2 	 197 
1 	 374 
1 	 209 
1 	 283 
1 	 185 
2 	 398 
2 	 223 
1 	 299 
1 	 177 
1 	 311 
1 	 220 
16 	 594 
16 	 225 
8 	 459 
8 	 296 
4 	 411 
4 	 255 
2 	 360 
2 	 201 
1 	 310 
1 	 207 
1 	 334 
1 	 190 
2 	 393 
2 	 283 
1 	 380 
1 	 243 
1 	 370 
1 	 264 
4 	 445 
4 	 269 
2 	 354 
2 	 184 
1 	 282 
1 	 188 
1 	 316 
1 	 183 
2 	 349 
2 	 191 
1 	 298 
1 	 163 
1 	 242 
1 	 165 
8 	 524 
8 	 324 
4 	 597 
4 	 259 
2 	 428 
2 	 159 
1 	 268 
1 	 138 
1 	 346 
1 	 201 
2 	 518 
2 	 251 
1 	 408 
1 	 242 
1 	 403 
1 	 207 
4 	 489 
4 	 321 
2 	 358 
2 	 182 
1 	 314 
1 	 187 
1 	 330 
1 	 236 
2 	 395 
2 	 219 
1 	 320 
1 	 244 
1 	 259 
1 	 179 
64 	 1426 
64 	 926 
32 	 566 
32 	 369 
16 	 640 
16 	 486 
8 	 402 
8 	 339 
4 	 318 
4 	 204 
2 	 268 
2 	 170 
1 	 223 
1 	 147 
1 	 244 
1 	 160 
2 	 285 
2 	 182 
1 	 231 
1 	 160 
1 	 345 
1 	 218 
4 	 567 
4 	 398 
2 	 408 
2 	 304 
1 	 330 
1 	 273 
1 	 467 
1 	 257 
2 	 560 
2 	 361 
1 	 476 
1 	 357 
1 	 546 
1 	 373 
8 	 623 
8 	 332 
4 	 580 
4 	 376 
2 	 490 
2 	 382 
1 	 447 
1 	 337 
1 	 430 
1 	 285 
2 	 467 
2 	 310 
1 	 426 
1 	 288 
1 	 411 
1 	 301 
4 	 477 
4 	 265 
2 	 481 
2 	 266 
1 	 385 
1 	 260 
1 	 398 
1 	 255 
2 	 367 
2 	 215 
1 	 338 
1 	 192 
1 	 271 
1 	 176 
16 	 576 
16 	 287 
8 	 511 
8 	 325 
4 	 450 
4 	 237 
2 	 404 
2 	 217 
1 	 303 
1 	 183 
1 	 308 
1 	 204 
2 	 459 
2 	 216 
1 	 359 
1 	 192 
1 	 300 
1 	 184 
4 	 409 
4 	 259 
2 	 385 
2 	 210 
1 	 331 
1 	 204 
1 	 299 
1 	 193 
2 	 415 
2 	 220 
1 	 306 
1 	 163 
1 	 269 
1 	 159 
8 	 1182 
8 	 612 
4 	 857 
4 	 419 
2 	 332 
2 	 165 
1 	 270 
1 	 151 
1 	 362 
1 	 158 
2 	 1008 
2 	 564 
1 	 852 
1 	 459 
1 	 1125 
1 	 553 
4 	 1128 
4 	 705 
2 	 1154 
2 	 615 
1 	 1005 
1 	 589 
1 	 1054 
1 	 575 
2 	 1076 
2 	 595 
1 	 991 
1 	 535 
1 	 999 
1 	 534 
32 	 1441 
32 	 932 
16 	 1238 
16 	 600 
8 	 1315 
8 	 623 
4 	 1320 
4 	 657 
2 	 1109 
2 	 545 
1 	 949 
1 	 602 
1 	 1047 
1 	 616 
2 	 1092 
2 	 534 
1 	 922 
1 	 513 
1 	 784 
1 	 429 
4 	 951 
4 	 515 
2 	 798 
2 	 473 
1 	 766 
1 	 469 
1 	 675 
1 	 388 
2 	 771 
2 	 421 
1 	 630 
1 	 368 
1 	 669 
1 	 441 
8 	 908 
8 	 529 
4 	 839 
4 	 486 
2 	 648 
2 	 398 
1 	 558 
1 	 351 
1 	 532 
1 	 368 
2 	 668 
2 	 385 
1 	 566 
1 	 351 
1 	 556 
1 	 337 
4 	 695 
4 	 455 
2 	 645 
2 	 385 
1 	 568 
1 	 366 
1 	 432 
1 	 322 
2 	 524 
2 	 359 
1 	 429 
1 	 301 
1 	 432 
1 	 277 
16 	 1134 
16 	 604 
8 	 912 
8 	 519 
4 	 642 
4 	 349 
2 	 502 
2 	 305 
1 	 410 
1 	 257 
1 	 381 
1 	 247 
2 	 442 
2 	 319 
1 	 337 
1 	 240 
1 	 332 
1 	 252 
4 	 732 
4 	 447 
2 	 629 
2 	 400 
1 	 520 
1 	 343 
1 	 375 
1 	 275 
2 	 640 
2 	 384 
1 	 465 
1 	 343 
1 	 339 
1 	 252 
8 	 1003 
8 	 446 
4 	 687 
4 	 354 
2 	 547 
2 	 299 
1 	 414 
1 	 259 
1 	 357 
1 	 213 
2 	 547 
2 	 333 
1 	 380 
1 	 282 
1 	 456 
1 	 321 
4 	 950 
4 	 494 
2 	 829 
2 	 387 
1 	 555 
1 	 352 
1 	 602 
1 	 374 
2 	 794 
2 	 374 
1 	 616 
1 	 369 
1 	 577 
1 	 358 
128 	 3238 
128 	 1025 
64 	 1769 
64 	 460 
32 	 1443 
32 	 730 
16 	 1501 
16 	 874 
8 	 1136 
8 	 489 
4 	 915 
4 	 464 
2 	 856 
2 	 396 
1 	 599 
1 	 341 
1 	 607 
1 	 318 
2 	 828 
2 	 390 
1 	 605 
1 	 348 
1 	 664 
1 	 401 
4 	 1110 
4 	 524 
2 	 857 
2 	 483 
1 	 660 
1 	 349 
1 	 770 
1 	 428 
2 	 1276 
2 	 600 
1 	 860 
1 	 481 
1 	 1105 
1 	 662 
8 	 1444 
8 	 792 
4 	 1412 
4 	 666 
2 	 1283 
2 	 727 
1 	 1120 
1 	 598 
1 	 1060 
1 	 583 
2 	 1322 
2 	 746 
1 	 1072 
1 	 619 
1 	 1138 
1 	 687 
4 	 1270 
4 	 723 
2 	 1237 
2 	 762 
1 	 1004 
1 	 642 
1 	 1029 
1 	 650 
2 	 1047 
2 	 696 
1 	 999 
1 	 550 
1 	 912 
1 	 502 
16 	 735 
16 	 356 
8 	 767 
8 	 339 
4 	 1034 
4 	 547 
2 	 834 
2 	 477 
1 	 770 
1 	 466 
1 	 744 
1 	 513 
2 	 631 
2 	 279 
1 	 510 
1 	 271 
1 	 331 
1 	 204 
4 	 522 
4 	 183 
2 	 401 
2 	 153 
1 	 324 
1 	 174 
1 	 264 
1 	 125 
2 	 362 
2 	 146 
1 	 244 
1 	 145 
1 	 262 
1 	 143 
8 	 563 
8 	 228 
4 	 514 
4 	 221 
2 	 380 
2 	 181 
1 	 237 
1 	 145 
1 	 318 
1 	 174 
2 	 379 
2 	 168 
1 	 271 
1 	 137 
1 	 260 
1 	 112 
4 	 470 
4 	 200 
2 	 399 
2 	 182 
1 	 300 
1 	 132 
1 	 258 
1 	 130 
2 	 442 
2 	 174 
1 	 283 
1 	 116 
1 	 383 
1 	 185 
32 	 1276 
32 	 725 
16 	 1090 
16 	 539 
8 	 893 
8 	 561 
4 	 723 
4 	 401 
2 	 675 
2 	 355 
1 	 492 
1 	 226 
1 	 593 
1 	 307 
2 	 724 
2 	 330 
1 	 573 
1 	 337 
1 	 441 
1 	 274 
4 	 896 
4 	 453 
2 	 785 
2 	 384 
1 	 563 
1 	 293 
1 	 705 
1 	 373 
2 	 634 
2 	 249 
1 	 455 
1 	 223 
1 	 384 
1 	 184 
8 	 685 
8 	 364 
4 	 554 
4 	 249 
2 	 470 
2 	 191 
1 	 345 
1 	 154 
1 	 326 
1 	 182 
2 	 337 
2 	 204 
1 	 273 
1 	 198 
1 	 296 
1 	 158 
4 	 416 
4 	 244 
2 	 385 
2 	 196 
1 	 304 
1 	 220 
1 	 305 
1 	 154 
2 	 336 
2 	 181 
1 	 256 
1 	 171 
1 	 381 
1 	 225 
16 	 753 
16 	 289 
8 	 620 
8 	 280 
4 	 522 
4 	 296 
2 	 535 
2 	 374 
1 	 435 
1 	 232 
1 	 413 
1 	 326 
2 	 407 
2 	 242 
1 	 398 
1 	 200 
1 	 301 
1 	 185 
4 	 527 
4 	 299 
2 	 426 
2 	 207 
1 	 356 
1 	 185 
1 	 391 
1 	 232 
2 	 460 
2 	 302 
1 	 357 
1 	 236 
1 	 357 
1 	 243 
8 	 745 
8 	 350 
4 	 552 
4 	 271 
2 	 401 
2 	 232 
1 	 330 
1 	 213 
1 	 413 
1 	 206 
2 	 528 
2 	 273 
1 	 410 
1 	 235 
1 	 440 
1 	 224 
4 	 738 
4 	 385 
2 	 646 
2 	 354 
1 	 514 
1 	 262 
1 	 499 
1 	 281 
2 	 623 
2 	 344 
1 	 541 
1 	 338 
1 	 561 
1 	 285 
64 	 1553 
64 	 296 
32 	 2132 
32 	 1303 
16 	 1876 
16 	 1227 
8 	 1418 
8 	 796 
4 	 813 
4 	 435 
2 	 665 
2 	 400 
1 	 560 
1 	 309 
1 	 635 
1 	 363 
2 	 792 
2 	 403 
1 	 577 
1 	 354 
1 	 881 
1 	 425 
4 	 1773 
4 	 989 
2 	 1609 
2 	 929 
1 	 1409 
1 	 839 
1 	 1371 
1 	 789 
2 	 1790 
2 	 983 
1 	 1607 
1 	 924 
1 	 1364 
1 	 775 
8 	 1573 
8 	 703 
4 	 1533 
4 	 825 
2 	 1398 
2 	 804 
1 	 1003 
1 	 590 
1 	 833 
1 	 518 
2 	 956 
2 	 540 
1 	 711 
1 	 486 
1 	 623 
1 	 420 
4 	 1113 
4 	 489 
2 	 723 
2 	 375 
1 	 548 
1 	 341 
1 	 634 
1 	 351 
2 	 687 
2 	 360 
1 	 509 
1 	 283 
1 	 496 
1 	 253 
16 	 1548 
16 	 674 
8 	 1361 
8 	 668 
4 	 1136 
4 	 481 
2 	 822 
2 	 352 
1 	 477 
1 	 234 
1 	 609 
1 	 262 
2 	 947 
2 	 363 
1 	 703 
1 	 328 
1 	 630 
1 	 340 
4 	 1467 
4 	 497 
2 	 1092 
2 	 411 
1 	 862 
1 	 373 
1 	 753 
1 	 330 
2 	 994 
2 	 459 
1 	 792 
1 	 366 
1 	 778 
1 	 374 
8 	 964 
8 	 351 
4 	 944 
4 	 453 
2 	 807 
2 	 419 
1 	 636 
1 	 343 
1 	 509 
1 	 310 
2 	 715 
2 	 487 
1 	 678 
1 	 330 
1 	 623 
1 	 366 
4 	 386 
4 	 178 
2 	 536 
2 	 271 
1 	 453 
1 	 250 
1 	 309 
1 	 177 
2 	 151 
2 	 59 
1 	 98 
1 	 88 
1 	 48 
1 	 44 
8 	 85 
8 	 12 
4 	 82 
4 	 66 
2 	 64 
2 	 37 
1 	 55 
1 	 30 
1 	 32 
1 	 35 
2 	 57 
2 	 31 
1 	 49 
1 	 37 
1 	 28 
1 	 15 
1 	 10 
1 	 0 
512 	 4585 
256 	 2387 
256 	 2992 
128 	 694 
128 	 683 
8 	 227 
8 	 40 
4 	 15 
4 	 3 
1 	 9 
1 	 3 
2 	 37 
2 	 28 
1 	 18 
1 	 10 
1 	 65 
1 	 29 
4 	 561 
4 	 325 
2 	 328 
2 	 163 
1 	 208 
1 	 96 
1 	 283 
1 	 162 
2 	 613 
2 	 302 
1 	 428 
1 	 272 
1 	 480 
1 	 286 
64 	 1587 
64 	 1134 
32 	 1121 
32 	 1062 
16 	 866 
16 	 612 
8 	 705 
8 	 628 
4 	 650 
4 	 364 
2 	 568 
2 	 284 
1 	 491 
1 	 256 
1 	 393 
1 	 236 
2 	 469 
2 	 256 
1 	 412 
1 	 239 
1 	 384 
1 	 232 
4 	 631 
4 	 299 
2 	 458 
2 	 270 
1 	 380 
1 	 240 
1 	 399 
1 	 199 
2 	 503 
2 	 281 
1 	 416 
1 	 233 
1 	 361 
1 	 213 
8 	 625 
8 	 397 
4 	 524 
4 	 325 
2 	 426 
2 	 292 
1 	 375 
1 	 215 
1 	 393 
1 	 273 
2 	 434 
2 	 281 
1 	 396 
1 	 292 
1 	 334 
1 	 280 
4 	 555 
4 	 360 
2 	 434 
2 	 317 
1 	 372 
1 	 253 
1 	 397 
1 	 304 
2 	 507 
2 	 332 
1 	 472 
1 	 316 
1 	 381 
1 	 287 
16 	 875 
16 	 636 
8 	 724 
8 	 469 
4 	 575 
4 	 380 
2 	 511 
2 	 314 
1 	 424 
1 	 300 
1 	 382 
1 	 277 
2 	 507 
2 	 358 
1 	 392 
1 	 293 
1 	 420 
1 	 286 
4 	 673 
4 	 412 
2 	 569 
2 	 422 
1 	 456 
1 	 347 
1 	 454 
1 	 321 
2 	 499 
2 	 364 
1 	 421 
1 	 298 
1 	 472 
1 	 281 
8 	 972 
8 	 472 
4 	 798 
4 	 429 
2 	 593 
2 	 349 
1 	 449 
1 	 311 
1 	 510 
1 	 330 
2 	 655 
2 	 450 
1 	 483 
1 	 325 
1 	 446 
1 	 298 
4 	 674 
4 	 366 
2 	 586 
2 	 342 
1 	 420 
1 	 267 
1 	 399 
1 	 261 
2 	 446 
2 	 274 
1 	 309 
1 	 205 
1 	 323 
1 	 221 
32 	 786 
32 	 325 
16 	 542 
16 	 312 
8 	 461 
8 	 260 
4 	 426 
4 	 245 
2 	 364 
2 	 216 
1 	 300 
1 	 173 
1 	 230 
1 	 170 
2 	 294 
2 	 155 
1 	 231 
1 	 158 
1 	 165 
1 	 119 
4 	 305 
4 	 177 
2 	 203 
2 	 149 
1 	 181 
1 	 149 
1 	 193 
1 	 171 
2 	 271 
2 	 186 
1 	 219 
1 	 193 
1 	 185 
1 	 145 
8 	 369 
8 	 209 
4 	 297 
4 	 169 
2 	 248 
2 	 174 
1 	 187 
1 	 146 
1 	 162 
1 	 131 
2 	 226 
2 	 155 
1 	 170 
1 	 132 
1 	 181 
1 	 156 
4 	 310 
4 	 181 
2 	 220 
2 	 137 
1 	 175 
1 	 120 
1 	 191 
1 	 128 
2 	 215 
2 	 140 
1 	 171 
1 	 131 
1 	 166 
1 	 119 
16 	 662 
16 	 346 
8 	 379 
8 	 185 
4 	 268 
4 	 146 
2 	 200 
2 	 123 
1 	 142 
1 	 111 
1 	 163 
1 	 105 
2 	 227 
2 	 125 
1 	 146 
1 	 91 
1 	 177 
1 	 101 
4 	 431 
4 	 242 
2 	 409 
2 	 214 
1 	 310 
1 	 160 
1 	 279 
1 	 192 
2 	 331 
2 	 200 
1 	 290 
1 	 161 
1 	 312 
1 	 190 
8 	 1553 
8 	 926 
4 	 858 
4 	 424 
2 	 564 
2 	 324 
1 	 389 
1 	 202 
1 	 615 
1 	 351 
2 	 1282 
2 	 722 
1 	 1028 
1 	 531 
1 	 1470 
1 	 780 
4 	 1896 
4 	 932 
2 	 1784 
2 	 746 
1 	 1494 
1 	 777 
1 	 1733 
1 	 1064 
2 	 1805 
2 	 840 
1 	 1581 
1 	 779 
1 	 1526 
1 	 823 
128 	 2816 
128 	 969 
64 	 2631 
64 	 4099 
32 	 2742 
32 	 1787 
16 	 2165 
16 	 1492 
8 	 2016 
8 	 977 
4 	 1745 
4 	 812 
2 	 1647 
2 	 762 
1 	 1515 
1 	 722 
1 	 1320 
1 	 683 
2 	 1608 
2 	 747 
1 	 1292 
1 	 628 
1 	 1327 
1 	 713 
4 	 1895 
4 	 1006 
2 	 1629 
2 	 754 
1 	 1270 
1 	 693 
1 	 1276 
1 	 696 
2 	 1715 
2 	 955 
1 	 1353 
1 	 773 
1 	 1466 
1 	 874 
8 	 2378 
8 	 1382 
4 	 2032 
4 	 1140 
2 	 1628 
2 	 942 
1 	 1401 
1 	 773 
1 	 1415 
1 	 874 
2 	 1802 
2 	 1065 
1 	 1512 
1 	 837 
1 	 1535 
1 	 940 
4 	 2187 
4 	 1280 
2 	 1850 
2 	 1180 
1 	 1537 
1 	 1004 
1 	 1520 
1 	 826 
2 	 1879 
2 	 1020 
1 	 1504 
1 	 924 
1 	 1471 
1 	 936 
16 	 2945 
16 	 1804 
8 	 3070 
8 	 1658 
4 	 2722 
4 	 1597 
2 	 2135 
2 	 1192 
1 	 1683 
1 	 1001 
1 	 2034 
1 	 1182 
2 	 2828 
2 	 1415 
1 	 2375 
1 	 1228 
1 	 2338 
1 	 1284 
4 	 2648 
4 	 1402 
2 	 2337 
2 	 1109 
1 	 1972 
1 	 995 
1 	 1811 
1 	 1003 
2 	 2138 
2 	 1136 
1 	 1666 
1 	 982 
1 	 1633 
1 	 1062 
8 	 2560 
8 	 1548 
4 	 2241 
4 	 1230 
2 	 1932 
2 	 1096 
1 	 1660 
1 	 1039 
1 	 1426 
1 	 924 
2 	 1642 
2 	 945 
1 	 1269 
1 	 816 
1 	 1265 
1 	 768 
4 	 1910 
4 	 1051 
2 	 1617 
2 	 922 
1 	 1242 
1 	 833 
1 	 1127 
1 	 779 
2 	 1514 
2 	 910 
1 	 1111 
1 	 764 
1 	 1067 
1 	 737 
32 	 2642 
32 	 1305 
16 	 1984 
16 	 982 
8 	 1718 
8 	 900 
4 	 1459 
4 	 880 
2 	 1159 
2 	 766 
1 	 970 
1 	 602 
1 	 864 
1 	 579 
2 	 1050 
2 	 654 
1 	 792 
1 	 542 
1 	 795 
1 	 565 
4 	 1304 
4 	 753 
2 	 988 
2 	 712 
1 	 759 
1 	 605 
1 	 757 
1 	 539 
2 	 1006 
2 	 627 
1 	 717 
1 	 574 
1 	 717 
1 	 497 
8 	 1397 
8 	 838 
4 	 1166 
4 	 660 
2 	 915 
2 	 577 
1 	 672 
1 	 448 
1 	 691 
1 	 473 
2 	 944 
2 	 591 
1 	 716 
1 	 509 
1 	 717 
1 	 515 
4 	 1236 
4 	 825 
2 	 862 
2 	 672 
1 	 699 
1 	 551 
1 	 815 
1 	 520 
2 	 1115 
2 	 732 
1 	 779 
1 	 546 
1 	 824 
1 	 570 
16 	 1875 
16 	 473 
8 	 1372 
8 	 440 
4 	 1220 
4 	 660 
2 	 963 
2 	 654 
1 	 744 
1 	 578 
1 	 619 
1 	 416 
2 	 652 
2 	 378 
1 	 483 
1 	 332 
1 	 347 
1 	 226 
4 	 596 
4 	 304 
2 	 487 
2 	 222 
1 	 306 
1 	 204 
1 	 317 
1 	 237 
2 	 476 
2 	 273 
1 	 334 
1 	 200 
1 	 316 
1 	 190 
8 	 603 
8 	 170 
4 	 483 
4 	 148 
2 	 360 
2 	 182 
1 	 234 
1 	 141 
1 	 255 
1 	 145 
2 	 279 
2 	 130 
1 	 216 
1 	 92 
1 	 200 
1 	 117 
4 	 297 
4 	 129 
2 	 301 
2 	 111 
1 	 219 
1 	 94 
1 	 188 
1 	 91 
2 	 166 
2 	 107 
1 	 131 
1 	 90 
1 	 96 
1 	 55 
8 	 170 
8 	 94 
4 	 190 
4 	 93 
2 	 125 
2 	 70 
1 	 93 
1 	 55 
1 	 101 
1 	 58 
2 	 84 
2 	 71 
1 	 69 
1 	 46 
1 	 45 
1 	 58 
4 	 50 
4 	 20 
2 	 38 
2 	 33 
1 	 35 
1 	 34 
1 	 12 
1 	 24 
2 	 11 
2 	 9 
1 	 10 
1 	 7 
1 	 2 
1 	 0 
512 	 5755 
256 	 1600 
256 	 3452 
128 	 3348 
128 	 1499 
64 	 1880 
64 	 998 
32 	 931 
32 	 681 
16 	 736 
16 	 586 
8 	 659 
8 	 517 
4 	 544 
4 	 498 
2 	 481 
2 	 477 
1 	 440 
1 	 424 
1 	 473 
1 	 383 
2 	 544 
2 	 387 
1 	 416 
1 	 320 
1 	 420 
1 	 323 
4 	 804 
4 	 405 
2 	 533 
2 	 382 
1 	 403 
1 	 294 
1 	 407 
1 	 311 
2 	 581 
2 	 357 
1 	 437 
1 	 307 
1 	 466 
1 	 346 
8 	 1000 
8 	 500 
4 	 650 
4 	 460 
2 	 512 
2 	 367 
1 	 426 
1 	 343 
1 	 416 
1 	 315 
2 	 512 
2 	 331 
1 	 362 
1 	 280 
1 	 402 
1 	 311 
4 	 744 
4 	 455 
2 	 574 
2 	 371 
1 	 407 
1 	 281 
1 	 393 
1 	 315 
2 	 478 
2 	 322 
1 	 345 
1 	 272 
1 	 381 
1 	 273 
16 	 1323 
16 	 827 
8 	 1020 
8 	 727 
4 	 821 
4 	 548 
2 	 562 
2 	 344 
1 	 337 
1 	 267 
1 	 508 
1 	 355 
2 	 618 
2 	 432 
1 	 503 
1 	 383 
1 	 474 
1 	 341 
4 	 864 
4 	 558 
2 	 693 
2 	 481 
1 	 522 
1 	 381 
1 	 515 
1 	 361 
2 	 612 
2 	 414 
1 	 489 
1 	 312 
1 	 429 
1 	 293 
8 	 1252 
8 	 834 
4 	 914 
4 	 545 
2 	 690 
2 	 394 
1 	 460 
1 	 287 
1 	 494 
1 	 336 
2 	 713 
2 	 466 
1 	 503 
1 	 374 
1 	 459 
1 	 351 
4 	 891 
4 	 576 
2 	 639 
2 	 423 
1 	 515 
1 	 342 
1 	 462 
1 	 351 
2 	 651 
2 	 415 
1 	 490 
1 	 365 
1 	 413 
1 	 287 
32 	 2202 
32 	 957 
16 	 1774 
16 	 855 
8 	 1428 
8 	 720 
4 	 1116 
4 	 630 
2 	 701 
2 	 438 
1 	 405 
1 	 323 
1 	 564 
1 	 406 
2 	 857 
2 	 508 
1 	 559 
1 	 372 
1 	 550 
1 	 426 
4 	 1263 
4 	 723 
2 	 909 
2 	 503 
1 	 604 
1 	 368 
1 	 627 
1 	 418 
2 	 950 
2 	 596 
1 	 623 
1 	 446 
1 	 638 
1 	 448 
8 	 1583 
8 	 741 
4 	 1230 
4 	 695 
2 	 913 
2 	 570 
1 	 630 
1 	 430 
1 	 647 
1 	 414 
2 	 922 
2 	 536 
1 	 621 
1 	 408 
1 	 655 
1 	 447 
4 	 1316 
4 	 678 
2 	 1014 
2 	 573 
1 	 670 
1 	 439 
1 	 804 
1 	 479 
2 	 1036 
2 	 572 
1 	 722 
1 	 476 
1 	 735 
1 	 468 
16 	 1978 
16 	 855 
8 	 1718 
8 	 834 
4 	 1389 
4 	 738 
2 	 957 
2 	 585 
1 	 674 
1 	 450 
1 	 729 
1 	 467 
2 	 976 
2 	 575 
1 	 753 
1 	 495 
1 	 706 
1 	 460 
4 	 1214 
4 	 697 
2 	 993 
2 	 569 
1 	 736 
1 	 478 
1 	 678 
1 	 431 
2 	 877 
2 	 520 
1 	 676 
1 	 445 
1 	 642 
1 	 407 
8 	 1324 
8 	 639 
4 	 1084 
4 	 611 
2 	 843 
2 	 530 
1 	 656 
1 	 399 
1 	 604 
1 	 392 
2 	 790 
2 	 456 
1 	 563 
1 	 333 
1 	 520 
1 	 346 
4 	 1002 
4 	 555 
2 	 722 
2 	 461 
1 	 545 
1 	 333 
1 	 539 
1 	 349 
2 	 691 
2 	 439 
1 	 507 
1 	 342 
1 	 549 
1 	 331 
64 	 1688 
64 	 705 
32 	 1350 
32 	 509 
16 	 1142 
16 	 505 
8 	 1131 
8 	 554 
4 	 873 
4 	 429 
2 	 690 
2 	 362 
1 	 475 
1 	 309 
1 	 454 
1 	 284 
2 	 773 
2 	 394 
1 	 539 
1 	 331 
1 	 566 
1 	 372 
4 	 895 
4 	 458 
2 	 735 
2 	 422 
1 	 552 
1 	 332 
1 	 534 
1 	 312 
2 	 693 
2 	 383 
1 	 525 
1 	 346 
1 	 531 
1 	 331 
8 	 868 
8 	 454 
4 	 794 
4 	 416 
2 	 615 
2 	 382 
1 	 499 
1 	 308 
1 	 482 
1 	 306 
2 	 646 
2 	 329 
1 	 510 
1 	 326 
1 	 463 
1 	 253 
4 	 702 
4 	 353 
2 	 601 
2 	 316 
1 	 482 
1 	 287 
1 	 457 
1 	 240 
2 	 570 
2 	 271 
1 	 446 
1 	 261 
1 	 414 
1 	 249 
16 	 787 
16 	 343 
8 	 739 
8 	 390 
4 	 737 
4 	 327 
2 	 601 
2 	 262 
1 	 419 
1 	 212 
1 	 433 
1 	 239 
2 	 634 
2 	 299 
1 	 430 
1 	 255 
1 	 453 
1 	 251 
4 	 692 
4 	 352 
2 	 626 
2 	 274 
1 	 444 
1 	 232 
1 	 502 
1 	 256 
2 	 601 
2 	 280 
1 	 486 
1 	 255 
1 	 435 
1 	 241 
8 	 641 
8 	 332 
4 	 608 
4 	 284 
2 	 539 
2 	 246 
1 	 441 
1 	 256 
1 	 428 
1 	 245 
2 	 583 
2 	 287 
1 	 449 
1 	 279 
1 	 497 
1 	 261 
4 	 659 
4 	 335 
2 	 611 
2 	 298 
1 	 466 
1 	 227 
1 	 462 
1 	 235 
2 	 719 
2 	 337 
1 	 599 
1 	 323 
1 	 590 
1 	 301 
32 	 1421 
32 	 633 
16 	 919 
16 	 529 
8 	 1043 
8 	 484 
4 	 844 
4 	 406 
2 	 737 
2 	 358 
1 	 664 
1 	 315 
1 	 651 
1 	 332 
2 	 794 
2 	 389 
1 	 671 
1 	 377 
1 	 728 
1 	 412 
4 	 782 
4 	 460 
2 	 723 
2 	 344 
1 	 640 
1 	 349 
1 	 621 
1 	 276 
2 	 628 
2 	 325 
1 	 550 
1 	 326 
1 	 421 
1 	 218 
8 	 968 
8 	 583 
4 	 689 
4 	 360 
2 	 561 
2 	 292 
1 	 409 
1 	 220 
1 	 366 
1 	 249 
2 	 615 
2 	 316 
1 	 475 
1 	 260 
1 	 617 
1 	 252 
4 	 876 
4 	 441 
2 	 663 
2 	 379 
1 	 525 
1 	 364 
1 	 470 
1 	 311 
2 	 645 
2 	 356 
1 	 466 
1 	 274 
1 	 476 
1 	 295 
16 	 1327 
16 	 588 
8 	 1057 
8 	 545 
4 	 807 
4 	 416 
2 	 531 
2 	 353 
1 	 425 
1 	 264 
1 	 474 
1 	 234 
2 	 773 
2 	 383 
1 	 490 
1 	 294 
1 	 617 
1 	 409 
4 	 897 
4 	 488 
2 	 700 
2 	 403 
1 	 492 
1 	 375 
1 	 558 
1 	 327 
2 	 845 
2 	 477 
1 	 619 
1 	 354 
1 	 629 
1 	 407 
8 	 1053 
8 	 625 
4 	 930 
4 	 569 
2 	 777 
2 	 409 
1 	 635 
1 	 311 
1 	 595 
1 	 345 
2 	 825 
2 	 470 
1 	 593 
1 	 328 
1 	 531 
1 	 344 
4 	 1015 
4 	 543 
2 	 737 
2 	 383 
1 	 522 
1 	 338 
1 	 570 
1 	 332 
2 	 728 
2 	 401 
1 	 538 
1 	 339 
1 	 451 
1 	 256 
128 	 2522 
128 	 517 
64 	 2174 
64 	 817 
32 	 1825 
32 	 893 
16 	 1481 
16 	 906 
8 	 1111 
8 	 647 
4 	 929 
4 	 541 
2 	 651 
2 	 441 
1 	 473 
1 	 312 
1 	 484 
1 	 343 
2 	 752 
2 	 461 
1 	 498 
1 	 337 
1 	 573 
1 	 353 
4 	 1003 
4 	 572 
2 	 717 
2 	 417 
1 	 544 
1 	 360 
1 	 524 
1 	 367 
2 	 869 
2 	 501 
1 	 526 
1 	 376 
1 	 573 
1 	 440 
8 	 1299 
8 	 686 
4 	 1084 
4 	 620 
2 	 819 
2 	 491 
1 	 635 
1 	 462 
1 	 530 
1 	 332 
2 	 729 
2 	 424 
1 	 557 
1 	 351 
1 	 471 
1 	 331 
4 	 985 
4 	 543 
2 	 767 
2 	 430 
1 	 617 
1 	 371 
1 	 576 
1 	 368 
2 	 736 
2 	 385 
1 	 530 
1 	 327 
1 	 436 
1 	 297 
16 	 1324 
16 	 571 
8 	 1038 
8 	 508 
4 	 896 
4 	 439 
2 	 679 
2 	 316 
1 	 451 
1 	 211 
1 	 438 
1 	 260 
2 	 635 
2 	 338 
1 	 458 
1 	 271 
1 	 422 
1 	 271 
4 	 840 
4 	 410 
2 	 596 
2 	 331 
1 	 360 
1 	 268 
1 	 394 
1 	 273 
2 	 559 
2 	 318 
1 	 418 
1 	 242 
1 	 407 
1 	 325 
8 	 744 
8 	 456 
4 	 651 
4 	 404 
2 	 534 
2 	 304 
1 	 362 
1 	 265 
1 	 353 
1 	 199 
2 	 439 
2 	 329 
1 	 321 
1 	 245 
1 	 408 
1 	 275 
4 	 561 
4 	 375 
2 	 458 
2 	 358 
1 	 369 
1 	 219 
1 	 305 
1 	 235 
2 	 355 
2 	 286 
1 	 250 
1 	 211 
1 	 258 
1 	 194 
32 	 741 
32 	 307 
16 	 739 
16 	 315 
8 	 584 
8 	 316 
4 	 468 
4 	 324 
2 	 333 
2 	 232 
1 	 247 
1 	 190 
1 	 258 
1 	 203 
2 	 349 
2 	 223 
1 	 262 
1 	 181 
1 	 299 
1 	 202 
4 	 486 
4 	 211 
2 	 366 
2 	 177 
1 	 269 
1 	 178 
1 	 270 
1 	 160 
2 	 338 
2 	 207 
1 	 252 
1 	 173 
1 	 228 
1 	 131 
8 	 593 
8 	 290 
4 	 414 
4 	 245 
2 	 327 
2 	 220 
1 	 241 
1 	 161 
1 	 223 
1 	 149 
2 	 360 
2 	 204 
1 	 239 
1 	 150 
1 	 248 
1 	 146 
4 	 461 
4 	 245 
2 	 350 
2 	 155 
1 	 221 
1 	 126 
1 	 250 
1 	 172 
2 	 377 
2 	 209 
1 	 249 
1 	 150 
1 	 249 
1 	 141 
16 	 708 
16 	 294 
8 	 566 
8 	 305 
4 	 431 
4 	 195 
2 	 378 
2 	 200 
1 	 264 
1 	 128 
1 	 259 
1 	 159 
2 	 386 
2 	 211 
1 	 256 
1 	 172 
1 	 331 
1 	 157 
4 	 499 
4 	 201 
2 	 415 
2 	 242 
1 	 307 
1 	 194 
1 	 267 
1 	 160 
2 	 484 
2 	 209 
1 	 290 
1 	 157 
1 	 312 
1 	 177 
8 	 538 
8 	 292 
4 	 440 
4 	 245 
2 	 356 
2 	 200 
1 	 276 
1 	 167 
1 	 336 
1 	 181 
2 	 387 
2 	 216 
1 	 280 
1 	 156 
1 	 362 
1 	 187 
4 	 687 
4 	 327 
2 	 522 
2 	 267 
1 	 403 
1 	 244 
1 	 424 
1 	 218 
2 	 594 
2 	 303 
1 	 488 
1 	 262 
1 	 412 
1 	 190 
4 	 328 
4 	 66 
2 	 396 
2 	 158 
1 	 348 
1 	 153 
1 	 114 
1 	 68 
512 	 3267 
256 	 2518 
256 	 3350 
128 	 826 
128 	 873 
64 	 1146 
64 	 1098 
32 	 466 
32 	 340 
8 	 187 
8 	 43 
4 	 10 
4 	 1 
2 	 75 
2 	 32 
1 	 40 
1 	 18 
1 	 71 
1 	 49 
4 	 383 
4 	 211 
2 	 242 
2 	 109 
1 	 169 
1 	 78 
1 	 252 
1 	 144 
2 	 404 
2 	 241 
1 	 307 
1 	 175 
1 	 474 
1 	 325 
16 	 784 
16 	 323 
8 	 652 
8 	 351 
4 	 517 
4 	 348 
2 	 486 
2 	 394 
1 	 479 
1 	 352 
1 	 454 
1 	 342 
2 	 564 
2 	 380 
1 	 536 
1 	 355 
1 	 489 
1 	 357 
4 	 547 
4 	 314 
2 	 507 
2 	 280 
1 	 443 
1 	 364 
1 	 442 
1 	 290 
2 	 500 
2 	 329 
1 	 435 
1 	 295 
1 	 465 
1 	 294 
8 	 1013 
8 	 624 
4 	 743 
4 	 479 
2 	 564 
2 	 416 
1 	 495 
1 	 328 
1 	 580 
1 	 352 
2 	 879 
2 	 537 
1 	 760 
1 	 489 
1 	 786 
1 	 535 
4 	 1318 
4 	 865 
2 	 1181 
2 	 677 
1 	 943 
1 	 605 
1 	 1170 
1 	 722 
2 	 1435 
2 	 946 
1 	 1189 
1 	 741 
1 	 1244 
1 	 867 
32 	 1231 
32 	 596 
16 	 1049 
16 	 406 
8 	 1049 
8 	 461 
4 	 1129 
4 	 526 
2 	 1131 
2 	 573 
1 	 946 
1 	 686 
1 	 812 
1 	 544 
2 	 833 
2 	 435 
1 	 768 
1 	 490 
1 	 600 
1 	 399 
4 	 661 
4 	 371 
2 	 635 
2 	 362 
1 	 560 
1 	 406 
1 	 498 
1 	 366 
2 	 607 
2 	 364 
1 	 486 
1 	 326 
1 	 449 
1 	 275 
8 	 662 
8 	 407 
4 	 548 
4 	 309 
2 	 435 
2 	 291 
1 	 324 
1 	 263 
1 	 362 
1 	 249 
2 	 472 
2 	 309 
1 	 347 
1 	 278 
1 	 404 
1 	 329 
4 	 657 
4 	 412 
2 	 564 
2 	 358 
1 	 459 
1 	 348 
1 	 451 
1 	 333 
2 	 598 
2 	 426 
1 	 462 
1 	 381 
1 	 534 
1 	 379 
16 	 645 
16 	 460 
8 	 678 
8 	 487 
4 	 680 
4 	 496 
2 	 609 
2 	 466 
1 	 518 
1 	 376 
1 	 489 
1 	 427 
2 	 542 
2 	 455 
1 	 482 
1 	 455 
1 	 473 
1 	 421 
4 	 565 
4 	 356 
2 	 492 
2 	 375 
1 	 427 
1 	 363 
1 	 386 
1 	 301 
2 	 449 
2 	 269 
1 	 369 
1 	 281 
1 	 341 
1 	 278 
8 	 533 
8 	 308 
4 	 426 
4 	 284 
2 	 409 
2 	 288 
1 	 324 
1 	 253 
1 	 311 
1 	 263 
2 	 422 
2 	 247 
1 	 344 
1 	 270 
1 	 344 
1 	 259 
4 	 412 
4 	 244 
2 	 393 
2 	 235 
1 	 353 
1 	 260 
1 	 296 
1 	 231 
2 	 317 
2 	 249 
1 	 297 
1 	 245 
1 	 333 
1 	 242 
64 	 1879 
64 	 1459 
32 	 1410 
32 	 1379 
16 	 789 
16 	 570 
8 	 469 
8 	 282 
4 	 469 
4 	 284 
2 	 369 
2 	 250 
1 	 353 
1 	 277 
1 	 353 
1 	 259 
2 	 483 
2 	 342 
1 	 366 
1 	 299 
1 	 385 
1 	 311 
4 	 424 
4 	 317 
2 	 392 
2 	 308 
1 	 363 
1 	 286 
1 	 380 
1 	 291 
2 	 538 
2 	 412 
1 	 421 
1 	 341 
1 	 643 
1 	 429 
8 	 1608 
8 	 1176 
4 	 1148 
4 	 963 
2 	 1039 
2 	 709 
1 	 925 
1 	 684 
1 	 1177 
1 	 800 
2 	 1349 
2 	 906 
1 	 1256 
1 	 921 
1 	 1534 
1 	 1029 
4 	 1793 
4 	 1018 
2 	 1755 
2 	 1171 
1 	 1635 
1 	 1111 
1 	 1556 
1 	 1117 
2 	 1625 
2 	 1130 
1 	 1468 
1 	 1033 
1 	 1420 
1 	 1031 
16 	 1506 
16 	 898 
8 	 1626 
8 	 898 
4 	 1622 
4 	 1090 
2 	 1522 
2 	 1154 
1 	 1347 
1 	 1106 
1 	 1287 
1 	 944 
2 	 1238 
2 	 877 
1 	 1114 
1 	 823 
1 	 967 
1 	 751 
4 	 1152 
4 	 763 
2 	 1006 
2 	 751 
1 	 881 
1 	 689 
1 	 764 
1 	 660 
2 	 982 
2 	 650 
1 	 783 
1 	 607 
1 	 731 
1 	 584 
8 	 866 
8 	 668 
4 	 867 
4 	 659 
2 	 833 
2 	 642 
1 	 720 
1 	 563 
1 	 707 
1 	 557 
2 	 717 
2 	 585 
1 	 622 
1 	 551 
1 	 584 
1 	 509 
4 	 843 
4 	 612 
2 	 709 
2 	 567 
1 	 634 
1 	 508 
1 	 569 
1 	 501 
2 	 703 
2 	 544 
1 	 580 
1 	 467 
1 	 564 
1 	 437 
32 	 1879 
32 	 611 
16 	 1279 
16 	 482 
8 	 987 
8 	 447 
4 	 855 
4 	 447 
2 	 636 
2 	 506 
1 	 522 
1 	 500 
1 	 576 
1 	 451 
2 	 748 
2 	 505 
1 	 558 
1 	 434 
1 	 597 
1 	 469 
4 	 981 
4 	 505 
2 	 714 
2 	 524 
1 	 624 
1 	 472 
1 	 656 
1 	 460 
2 	 797 
2 	 478 
1 	 634 
1 	 432 
1 	 620 
1 	 472 
8 	 1330 
8 	 640 
4 	 1050 
4 	 506 
2 	 824 
2 	 527 
1 	 706 
1 	 505 
1 	 728 
1 	 453 
2 	 925 
2 	 492 
1 	 715 
1 	 527 
1 	 793 
1 	 500 
4 	 1236 
4 	 564 
2 	 1019 
2 	 520 
1 	 820 
1 	 567 
1 	 820 
1 	 567 
2 	 1044 
2 	 574 
1 	 823 
1 	 548 
1 	 837 
1 	 544 
16 	 1344 
16 	 716 
8 	 1305 
8 	 873 
4 	 1188 
4 	 737 
2 	 1079 
2 	 640 
1 	 976 
1 	 598 
1 	 1003 
1 	 624 
2 	 1242 
2 	 720 
1 	 1086 
1 	 731 
1 	 1140 
1 	 810 
4 	 1388 
4 	 692 
2 	 1332 
2 	 799 
1 	 1196 
1 	 747 
1 	 1029 
1 	 656 
2 	 1109 
2 	 654 
1 	 925 
1 	 690 
1 	 1031 
1 	 667 
8 	 1730 
8 	 783 
4 	 1391 
4 	 864 
2 	 1172 
2 	 739 
1 	 955 
1 	 709 
1 	 1067 
1 	 688 
2 	 1316 
2 	 817 
1 	 1026 
1 	 712 
1 	 1040 
1 	 875 
4 	 1403 
4 	 808 
2 	 1343 
2 	 886 
1 	 1213 
1 	 831 
1 	 1073 
1 	 748 
2 	 1211 
2 	 650 
1 	 969 
1 	 663 
1 	 957 
1 	 582 
64 	 1650 
64 	 633 
32 	 1345 
32 	 564 
16 	 1247 
16 	 680 
8 	 1325 
8 	 649 
4 	 1222 
4 	 753 
2 	 1104 
2 	 675 
1 	 933 
1 	 660 
1 	 975 
1 	 631 
2 	 1143 
2 	 651 
1 	 1001 
1 	 687 
1 	 941 
1 	 625 
4 	 1082 
4 	 725 
2 	 1004 
2 	 596 
1 	 895 
1 	 580 
1 	 846 
1 	 576 
2 	 921 
2 	 608 
1 	 895 
1 	 598 
1 	 786 
1 	 587 
8 	 766 
8 	 370 
4 	 830 
4 	 588 
2 	 908 
2 	 586 
1 	 823 
1 	 574 
1 	 765 
1 	 588 
2 	 777 
2 	 463 
1 	 745 
1 	 500 
1 	 514 
1 	 393 
4 	 665 
4 	 396 
2 	 523 
2 	 321 
1 	 448 
1 	 307 
1 	 461 
1 	 322 
2 	 664 
2 	 404 
1 	 526 
1 	 377 
1 	 589 
1 	 447 
16 	 1378 
16 	 822 
8 	 799 
8 	 487 
4 	 715 
4 	 492 
2 	 650 
2 	 490 
1 	 607 
1 	 473 
1 	 588 
1 	 480 
2 	 589 
2 	 443 
1 	 499 
1 	 406 
1 	 563 
1 	 415 
4 	 901 
4 	 643 
2 	 758 
2 	 586 
1 	 589 
1 	 476 
1 	 728 
1 	 538 
2 	 1074 
2 	 691 
1 	 828 
1 	 622 
1 	 1099 
1 	 713 
8 	 1089 
8 	 470 
4 	 946 
4 	 460 
2 	 901 
2 	 585 
1 	 789 
1 	 603 
1 	 612 
1 	 438 
2 	 689 
2 	 472 
1 	 561 
1 	 427 
1 	 620 
1 	 483 
4 	 717 
4 	 505 
2 	 778 
2 	 515 
1 	 681 
1 	 517 
1 	 662 
1 	 516 
2 	 675 
2 	 492 
1 	 564 
1 	 468 
1 	 570 
1 	 451 
16 	 572 
16 	 450 
8 	 866 
8 	 474 
4 	 774 
4 	 502 
2 	 752 
2 	 444 
1 	 616 
1 	 445 
1 	 706 
1 	 486 
2 	 785 
2 	 454 
1 	 678 
1 	 480 
1 	 712 
1 	 458 
4 	 999 
4 	 605 
2 	 926 
2 	 563 
1 	 774 
1 	 486 
1 	 1081 
1 	 683 
2 	 723 
2 	 491 
1 	 864 
1 	 641 
1 	 629 
1 	 492 
4 	 338 
4 	 166 
2 	 480 
2 	 299 
1 	 501 
1 	 341 
1 	 346 
1 	 273 
2 	 83 
2 	 54 
1 	 141 
1 	 111 
512 	 2218 
256 	 2045 
256 	 3534 
64 	 978 
64 	 726 
16 	 67 
16 	 34 
2 	 27 
2 	 6 
1 	 59 
1 	 34 
8 	 703 
8 	 420 
4 	 230 
4 	 144 
2 	 130 
2 	 101 
1 	 99 
1 	 73 
1 	 176 
1 	 90 
2 	 449 
2 	 296 
1 	 298 
1 	 214 
1 	 560 
1 	 383 
4 	 1155 
4 	 836 
2 	 1185 
2 	 792 
1 	 971 
1 	 594 
1 	 1247 
1 	 845 
2 	 1020 
2 	 683 
1 	 1006 
1 	 717 
1 	 792 
1 	 544 
32 	 1255 
32 	 959 
16 	 1103 
16 	 548 
8 	 1089 
8 	 551 
4 	 942 
4 	 549 
2 	 807 
2 	 549 
1 	 726 
1 	 516 
1 	 753 
1 	 511 
2 	 836 
2 	 504 
1 	 722 
1 	 486 
1 	 701 
1 	 467 
4 	 910 
4 	 475 
2 	 805 
2 	 472 
1 	 662 
1 	 447 
1 	 615 
1 	 485 
2 	 621 
2 	 401 
1 	 595 
1 	 380 
1 	 577 
1 	 444 
8 	 821 
8 	 509 
4 	 728 
4 	 475 
2 	 639 
2 	 421 
1 	 565 
1 	 450 
1 	 593 
1 	 449 
2 	 607 
2 	 409 
1 	 569 
1 	 401 
1 	 536 
1 	 415 
4 	 774 
4 	 501 
2 	 672 
2 	 398 
1 	 532 
1 	 391 
1 	 570 
1 	 404 
2 	 690 
2 	 443 
1 	 566 
1 	 428 
1 	 551 
1 	 406 
16 	 1323 
16 	 864 
8 	 1053 
8 	 678 
4 	 794 
4 	 544 
2 	 689 
2 	 441 
1 	 544 
1 	 380 
1 	 619 
1 	 415 
2 	 740 
2 	 459 
1 	 588 
1 	 419 
1 	 551 
1 	 427 
4 	 1068 
4 	 558 
2 	 806 
2 	 468 
1 	 610 
1 	 457 
1 	 638 
1 	 429 
2 	 844 
2 	 564 
1 	 628 
1 	 459 
1 	 602 
1 	 467 
8 	 1566 
8 	 853 
4 	 1192 
4 	 751 
2 	 865 
2 	 587 
1 	 651 
1 	 486 
1 	 711 
1 	 508 
2 	 1113 
2 	 697 
1 	 787 
1 	 627 
1 	 929 
1 	 668 
4 	 1727 
4 	 1067 
2 	 1427 
2 	 850 
1 	 1082 
1 	 686 
1 	 1288 
1 	 896 
2 	 1597 
2 	 1082 
1 	 1315 
1 	 850 
1 	 1496 
1 	 991 
128 	 2627 
128 	 2055 
64 	 2683 
64 	 3084 
32 	 2477 
32 	 1500 
16 	 3442 
16 	 2280 
8 	 3229 
8 	 2026 
4 	 2114 
4 	 1332 
2 	 1818 
2 	 1122 
1 	 1439 
1 	 960 
1 	 1442 
1 	 938 
2 	 1941 
2 	 1159 
1 	 1554 
1 	 1023 
1 	 1957 
1 	 1259 
4 	 3405 
4 	 2140 
2 	 2914 
2 	 1808 
1 	 2594 
1 	 1609 
1 	 2399 
1 	 1615 
2 	 3109 
2 	 1762 
1 	 2469 
1 	 1606 
1 	 2570 
1 	 1774 
8 	 2927 
8 	 1805 
4 	 2900 
4 	 1906 
2 	 2601 
2 	 1609 
1 	 2264 
1 	 1526 
1 	 2053 
1 	 1424 
2 	 2620 
2 	 1576 
1 	 2099 
1 	 1316 
1 	 1866 
1 	 1353 
4 	 2206 
4 	 1162 
2 	 1890 
2 	 1204 
1 	 1681 
1 	 1162 
1 	 1382 
1 	 947 
2 	 1572 
2 	 1027 
1 	 1304 
1 	 835 
1 	 1219 
1 	 865 
16 	 1897 
16 	 1038 
8 	 1624 
8 	 919 
4 	 1362 
4 	 837 
2 	 1316 
2 	 856 
1 	 1143 
1 	 695 
1 	 950 
1 	 616 
2 	 987 
2 	 654 
1 	 856 
1 	 525 
1 	 758 
1 	 543 
4 	 1105 
4 	 619 
2 	 893 
2 	 525 
1 	 703 
1 	 447 
1 	 687 
1 	 401 
2 	 918 
2 	 570 
1 	 665 
1 	 454 
1 	 775 
1 	 502 
8 	 1265 
8 	 763 
4 	 1074 
4 	 621 
2 	 835 
2 	 563 
1 	 687 
1 	 505 
1 	 626 
1 	 416 
2 	 838 
2 	 549 
1 	 602 
1 	 447 
1 	 552 
1 	 445 
4 	 859 
4 	 505 
2 	 662 
2 	 479 
1 	 549 
1 	 387 
1 	 479 
1 	 332 
2 	 653 
2 	 447 
1 	 437 
1 	 326 
1 	 471 
1 	 362 
32 	 1432 
32 	 875 
16 	 959 
16 	 678 
8 	 862 
8 	 614 
4 	 760 
4 	 517 
2 	 638 
2 	 461 
1 	 509 
1 	 347 
1 	 421 
1 	 343 
2 	 567 
2 	 444 
1 	 465 
1 	 340 
1 	 402 
1 	 341 
4 	 683 
4 	 511 
2 	 576 
2 	 401 
1 	 438 
1 	 344 
1 	 438 
1 	 322 
2 	 482 
2 	 455 
1 	 384 
1 	 348 
1 	 385 
1 	 309 
8 	 896 
8 	 695 
4 	 622 
4 	 513 
2 	 477 
2 	 386 
1 	 375 
1 	 340 
1 	 363 
1 	 321 
2 	 540 
2 	 444 
1 	 373 
1 	 343 
1 	 424 
1 	 411 
4 	 840 
4 	 633 
2 	 633 
2 	 574 
1 	 449 
1 	 417 
1 	 508 
1 	 461 
2 	 650 
2 	 588 
1 	 516 
1 	 430 
1 	 496 
1 	 467 
16 	 1136 
16 	 588 
8 	 1090 
8 	 613 
4 	 795 
4 	 512 
2 	 622 
2 	 467 
1 	 437 
1 	 375 
1 	 444 
1 	 338 
2 	 599 
2 	 398 
1 	 435 
1 	 299 
1 	 419 
1 	 384 
4 	 712 
4 	 514 
2 	 537 
2 	 457 
1 	 389 
1 	 348 
1 	 359 
1 	 305 
2 	 468 
2 	 377 
1 	 349 
1 	 321 
1 	 370 
1 	 308 
8 	 629 
8 	 368 
4 	 603 
4 	 367 
2 	 433 
2 	 300 
1 	 346 
1 	 277 
1 	 271 
1 	 268 
2 	 390 
2 	 300 
1 	 312 
1 	 263 
1 	 265 
1 	 212 
4 	 452 
4 	 274 
2 	 297 
2 	 268 
1 	 225 
1 	 219 
1 	 223 
1 	 211 
2 	 305 
2 	 295 
1 	 225 
1 	 250 
1 	 224 
1 	 206 
32 	 568 
32 	 162 
16 	 516 
16 	 276 
8 	 490 
8 	 359 
4 	 442 
4 	 346 
2 	 319 
2 	 311 
1 	 233 
1 	 251 
1 	 265 
1 	 230 
2 	 381 
2 	 283 
1 	 268 
1 	 248 
1 	 265 
1 	 249 
4 	 333 
4 	 265 
2 	 280 
2 	 220 
1 	 242 
1 	 216 
1 	 191 
1 	 222 
2 	 213 
2 	 158 
1 	 141 
1 	 126 
1 	 135 
1 	 137 
8 	 259 
8 	 148 
4 	 217 
4 	 159 
2 	 171 
2 	 135 
1 	 127 
1 	 122 
1 	 97 
1 	 94 
2 	 139 
2 	 130 
1 	 94 
1 	 63 
1 	 79 
1 	 83 
4 	 127 
4 	 90 
2 	 121 
2 	 97 
1 	 61 
1 	 77 
1 	 71 
1 	 71 
2 	 80 
2 	 91 
1 	 41 
1 	 74 
1 	 28 
1 	 51 
2 	 17 
2 	 30 
1 	 13 
1 	 26 
512 	 4195 
256 	 1417 
256 	 2931 
128 	 1968 
128 	 1168 
64 	 1824 
64 	 1142 
32 	 1466 
32 	 1109 
16 	 1236 
16 	 972 
8 	 1489 
8 	 973 
4 	 1457 
4 	 883 
2 	 1297 
2 	 1002 
1 	 1178 
1 	 853 
1 	 1096 
1 	 767 
2 	 1059 
2 	 644 
1 	 787 
1 	 623 
1 	 839 
1 	 582 
4 	 1366 
4 	 691 
2 	 1032 
2 	 708 
1 	 886 
1 	 651 
1 	 819 
1 	 634 
2 	 912 
2 	 636 
1 	 779 
1 	 601 
1 	 740 
1 	 582 
8 	 1467 
8 	 742 
4 	 1044 
4 	 736 
2 	 893 
2 	 655 
1 	 723 
1 	 609 
1 	 700 
1 	 549 
2 	 903 
2 	 680 
1 	 720 
1 	 565 
1 	 681 
1 	 561 
4 	 1043 
4 	 654 
2 	 875 
2 	 608 
1 	 682 
1 	 548 
1 	 724 
1 	 534 
2 	 877 
2 	 617 
1 	 710 
1 	 534 
1 	 715 
1 	 541 
16 	 1756 
16 	 868 
8 	 1219 
8 	 709 
4 	 1013 
4 	 665 
2 	 864 
2 	 593 
1 	 693 
1 	 533 
1 	 708 
1 	 499 
2 	 917 
2 	 642 
1 	 723 
1 	 532 
1 	 758 
1 	 640 
4 	 1012 
4 	 641 
2 	 857 
2 	 650 
1 	 716 
1 	 561 
1 	 700 
1 	 536 
2 	 921 
2 	 693 
1 	 740 
1 	 554 
1 	 764 
1 	 627 
8 	 1391 
8 	 789 
4 	 1165 
4 	 781 
2 	 982 
2 	 753 
1 	 813 
1 	 652 
1 	 804 
1 	 632 
2 	 1044 
2 	 744 
1 	 860 
1 	 634 
1 	 855 
1 	 659 
4 	 1148 
4 	 726 
2 	 997 
2 	 716 
1 	 809 
1 	 636 
1 	 807 
1 	 612 
2 	 1005 
2 	 727 
1 	 793 
1 	 618 
1 	 834 
1 	 676 
32 	 1674 
32 	 780 
16 	 1442 
16 	 826 
8 	 1185 
8 	 864 
4 	 1096 
4 	 791 
2 	 984 
2 	 729 
1 	 784 
1 	 613 
1 	 821 
1 	 643 
2 	 953 
2 	 764 
1 	 846 
1 	 695 
1 	 829 
1 	 694 
4 	 1022 
4 	 809 
2 	 940 
2 	 767 
1 	 834 
1 	 695 
1 	 789 
1 	 642 
2 	 896 
2 	 721 
1 	 743 
1 	 609 
1 	 790 
1 	 642 
8 	 1158 
8 	 667 
4 	 1067 
4 	 707 
2 	 998 
2 	 698 
1 	 780 
1 	 653 
1 	 778 
1 	 596 
2 	 873 
2 	 664 
1 	 746 
1 	 582 
1 	 784 
1 	 638 
4 	 1074 
4 	 759 
2 	 911 
2 	 724 
1 	 763 
1 	 584 
1 	 852 
1 	 620 
2 	 965 
2 	 722 
1 	 822 
1 	 642 
1 	 764 
1 	 605 
16 	 1338 
16 	 736 
8 	 1073 
8 	 705 
4 	 1028 
4 	 705 
2 	 940 
2 	 686 
1 	 800 
1 	 636 
1 	 772 
1 	 603 
2 	 877 
2 	 698 
1 	 755 
1 	 620 
1 	 752 
1 	 660 
4 	 977 
4 	 676 
2 	 835 
2 	 692 
1 	 731 
1 	 554 
1 	 736 
1 	 621 
2 	 951 
2 	 670 
1 	 814 
1 	 592 
1 	 767 
1 	 600 
8 	 1160 
8 	 639 
4 	 989 
4 	 580 
2 	 907 
2 	 665 
1 	 792 
1 	 587 
1 	 778 
1 	 606 
2 	 857 
2 	 593 
1 	 702 
1 	 561 
1 	 711 
1 	 550 
4 	 921 
4 	 574 
2 	 787 
2 	 578 
1 	 718 
1 	 540 
1 	 717 
1 	 543 
2 	 771 
2 	 609 
1 	 695 
1 	 524 
1 	 655 
1 	 518 
64 	 1690 
64 	 860 
32 	 1491 
32 	 979 
16 	 1299 
16 	 792 
8 	 944 
8 	 551 
4 	 835 
4 	 512 
2 	 795 
2 	 541 
1 	 706 
1 	 498 
1 	 662 
1 	 532 
2 	 801 
2 	 539 
1 	 652 
1 	 490 
1 	 717 
1 	 520 
4 	 891 
4 	 723 
2 	 851 
2 	 617 
1 	 780 
1 	 634 
1 	 803 
1 	 643 
2 	 975 
2 	 742 
1 	 838 
1 	 656 
1 	 911 
1 	 680 
8 	 1255 
8 	 876 
4 	 1293 
4 	 796 
2 	 1176 
2 	 818 
1 	 995 
1 	 779 
1 	 1045 
1 	 752 
2 	 1081 
2 	 814 
1 	 1013 
1 	 770 
1 	 932 
1 	 732 
4 	 1305 
4 	 898 
2 	 1115 
2 	 778 
1 	 933 
1 	 731 
1 	 1001 
1 	 768 
2 	 1180 
2 	 764 
1 	 1096 
1 	 775 
1 	 1002 
1 	 746 
16 	 1197 
16 	 664 
8 	 1233 
8 	 902 
4 	 1378 
4 	 883 
2 	 1106 
2 	 736 
1 	 1031 
1 	 784 
1 	 1043 
1 	 748 
2 	 1254 
2 	 758 
1 	 1075 
1 	 780 
1 	 1112 
1 	 794 
4 	 965 
4 	 632 
2 	 967 
2 	 670 
1 	 917 
1 	 678 
1 	 741 
1 	 608 
2 	 813 
2 	 519 
1 	 730 
1 	 521 
1 	 639 
1 	 499 
8 	 947 
8 	 595 
4 	 753 
4 	 413 
2 	 676 
2 	 454 
1 	 588 
1 	 449 
1 	 607 
1 	 420 
2 	 693 
2 	 522 
1 	 636 
1 	 408 
1 	 725 
1 	 526 
4 	 737 
4 	 465 
2 	 669 
2 	 466 
1 	 562 
1 	 445 
1 	 521 
1 	 414 
2 	 633 
2 	 427 
1 	 529 
1 	 407 
1 	 521 
1 	 458 
32 	 894 
32 	 536 
16 	 1068 
16 	 575 
8 	 750 
8 	 399 
4 	 738 
4 	 411 
2 	 596 
2 	 359 
1 	 518 
1 	 361 
1 	 517 
1 	 393 
2 	 589 
2 	 405 
1 	 536 
1 	 421 
1 	 524 
1 	 377 
4 	 638 
4 	 379 
2 	 501 
2 	 317 
1 	 415 
1 	 342 
1 	 475 
1 	 347 
2 	 663 
2 	 531 
1 	 563 
1 	 456 
1 	 691 
1 	 515 
8 	 742 
8 	 458 
4 	 792 
4 	 485 
2 	 689 
2 	 461 
1 	 654 
1 	 463 
1 	 560 
1 	 431 
2 	 623 
2 	 379 
1 	 525 
1 	 435 
1 	 522 
1 	 359 
4 	 568 
4 	 397 
2 	 525 
2 	 305 
1 	 440 
1 	 348 
1 	 463 
1 	 341 
2 	 515 
2 	 355 
1 	 472 
1 	 374 
1 	 452 
1 	 358 
16 	 576 
16 	 317 
8 	 540 
8 	 351 
4 	 496 
4 	 352 
2 	 499 
2 	 360 
1 	 442 
1 	 332 
1 	 461 
1 	 353 
2 	 447 
2 	 339 
1 	 401 
1 	 291 
1 	 409 
1 	 340 
4 	 482 
4 	 356 
2 	 481 
2 	 349 
1 	 455 
1 	 296 
1 	 371 
1 	 317 
2 	 456 
2 	 390 
1 	 431 
1 	 346 
1 	 434 
1 	 330 
8 	 538 
8 	 375 
4 	 453 
4 	 329 
2 	 443 
2 	 317 
1 	 380 
1 	 282 
1 	 383 
1 	 337 
2 	 447 
2 	 374 
1 	 387 
1 	 336 
1 	 402 
1 	 325 
4 	 489 
4 	 379 
2 	 443 
2 	 338 
1 	 415 
1 	 333 
1 	 411 
1 	 300 
2 	 487 
2 	 361 
1 	 387 
1 	 318 
1 	 431 
1 	 316 
64 	 954 
64 	 534 
32 	 691 
32 	 324 
16 	 568 
16 	 322 
8 	 511 
8 	 314 
4 	 593 
4 	 388 
2 	 538 
2 	 354 
1 	 423 
1 	 360 
1 	 469 
1 	 343 
2 	 517 
2 	 352 
1 	 445 
1 	 355 
1 	 430 
1 	 324 
4 	 448 
4 	 361 
2 	 455 
2 	 379 
1 	 398 
1 	 325 
1 	 423 
1 	 360 
2 	 428 
2 	 351 
1 	 376 
1 	 290 
1 	 367 
1 	 315 
8 	 571 
8 	 279 
4 	 443 
4 	 292 
2 	 413 
2 	 294 
1 	 357 
1 	 269 
1 	 324 
1 	 269 
2 	 428 
2 	 295 
1 	 384 
1 	 317 
1 	 382 
1 	 274 
4 	 449 
4 	 285 
2 	 424 
2 	 311 
1 	 410 
1 	 269 
1 	 387 
1 	 296 
2 	 462 
2 	 355 
1 	 368 
1 	 292 
1 	 390 
1 	 329 
16 	 833 
16 	 442 
8 	 557 
8 	 382 
4 	 474 
4 	 375 
2 	 453 
2 	 348 
1 	 380 
1 	 320 
1 	 403 
1 	 329 
2 	 425 
2 	 367 
1 	 371 
1 	 309 
1 	 391 
1 	 307 
4 	 525 
4 	 352 
2 	 462 
2 	 340 
1 	 362 
1 	 289 
1 	 366 
1 	 293 
2 	 536 
2 	 328 
1 	 461 
1 	 301 
1 	 401 
1 	 300 
8 	 731 
8 	 377 
4 	 660 
4 	 358 
2 	 583 
2 	 398 
1 	 499 
1 	 350 
1 	 458 
1 	 369 
2 	 486 
2 	 317 
1 	 435 
1 	 293 
1 	 434 
1 	 294 
4 	 547 
4 	 318 
2 	 535 
2 	 338 
1 	 406 
1 	 312 
1 	 442 
1 	 336 
2 	 489 
2 	 343 
1 	 438 
1 	 333 
1 	 462 
1 	 342 
32 	 1044 
32 	 576 
16 	 829 
16 	 470 
8 	 686 
8 	 377 
4 	 604 
4 	 284 
2 	 500 
2 	 324 
1 	 407 
1 	 306 
1 	 402 
1 	 313 
2 	 547 
2 	 358 
1 	 457 
1 	 362 
1 	 514 
1 	 394 
4 	 805 
4 	 608 
2 	 732 
2 	 585 
1 	 680 
1 	 522 
1 	 705 
1 	 516 
2 	 761 
2 	 538 
1 	 694 
1 	 543 
1 	 568 
1 	 484 
8 	 778 
8 	 441 
4 	 724 
4 	 440 
2 	 656 
2 	 437 
1 	 601 
1 	 416 
1 	 544 
1 	 400 
2 	 581 
2 	 365 
1 	 504 
1 	 378 
1 	 515 
1 	 349 
4 	 703 
4 	 409 
2 	 623 
2 	 356 
1 	 513 
1 	 366 
1 	 591 
1 	 345 
2 	 792 
2 	 410 
1 	 616 
1 	 384 
1 	 619 
1 	 403 
16 	 627 
16 	 257 
8 	 848 
8 	 468 
4 	 711 
4 	 369 
2 	 563 
2 	 291 
1 	 480 
1 	 284 
1 	 474 
1 	 284 
2 	 693 
2 	 403 
1 	 616 
1 	 308 
1 	 547 
1 	 372 
4 	 615 
4 	 252 
2 	 575 
2 	 352 
1 	 531 
1 	 314 
1 	 486 
1 	 252 
2 	 469 
2 	 254 
1 	 377 
1 	 223 
1 	 316 
1 	 215 
2 	 67 
2 	 6 
1 	 65 
1 	 27 
512 	 3267 
256 	 2518 
256 	 3350 
128 	 826 
128 	 873 
64 	 1146 
64 	 1098 
32 	 466 
32 	 340 
8 	 187 
8 	 43 
4 	 10 
4 	 1 
2 	 75 
2 	 32 
1 	 40 
1 	 18 
1 	 71 
1 	 49 
4 	 390 
4 	 216 
2 	 237 
2 	 110 
1 	 169 
1 	 78 
1 	 251 
1 	 146 
2 	 413 
2 	 242 
1 	 309 
1 	 174 
1 	 474 
1 	 328 
16 	 815 
16 	 333 
8 	 670 
8 	 353 
4 	 519 
4 	 358 
2 	 484 
2 	 400 
1 	 485 
1 	 349 
1 	 450 
1 	 344 
2 	 575 
2 	 380 
1 	 543 
1 	 350 
1 	 493 
1 	 351 
4 	 563 
4 	 323 
2 	 528 
2 	 281 
1 	 448 
1 	 361 
1 	 448 
1 	 296 
2 	 511 
2 	 331 
1 	 441 
1 	 290 
1 	 476 
1 	 297 
8 	 996 
8 	 590 
4 	 718 
4 	 441 
2 	 522 
2 	 386 
1 	 429 
1 	 288 
1 	 520 
1 	 303 
2 	 805 
2 	 474 
1 	 698 
1 	 420 
1 	 704 
1 	 475 
4 	 1217 
4 	 809 
2 	 1078 
2 	 618 
1 	 866 
1 	 518 
1 	 1059 
1 	 623 
2 	 1323 
2 	 822 
1 	 1072 
1 	 633 
1 	 1105 
1 	 728 
32 	 1329 
32 	 585 
16 	 1053 
16 	 372 
8 	 1014 
8 	 426 
4 	 1010 
4 	 485 
2 	 1012 
2 	 483 
1 	 831 
1 	 568 
1 	 681 
1 	 442 
2 	 724 
2 	 349 
1 	 669 
1 	 388 
1 	 499 
1 	 304 
4 	 563 
4 	 308 
2 	 531 
2 	 276 
1 	 480 
1 	 313 
1 	 419 
1 	 274 
2 	 498 
2 	 275 
1 	 393 
1 	 259 
1 	 355 
1 	 201 
8 	 559 
8 	 381 
4 	 432 
4 	 237 
2 	 332 
2 	 204 
1 	 257 
1 	 186 
1 	 284 
1 	 176 
2 	 366 
2 	 249 
1 	 282 
1 	 213 
1 	 347 
1 	 270 
4 	 574 
4 	 368 
2 	 487 
2 	 307 
1 	 389 
1 	 296 
1 	 387 
1 	 263 
2 	 536 
2 	 356 
1 	 432 
1 	 294 
1 	 460 
1 	 313 
16 	 665 
16 	 459 
8 	 677 
8 	 453 
4 	 633 
4 	 466 
2 	 578 
2 	 409 
1 	 467 
1 	 305 
1 	 443 
1 	 352 
2 	 504 
2 	 407 
1 	 415 
1 	 389 
1 	 434 
1 	 323 
4 	 514 
4 	 304 
2 	 416 
2 	 289 
1 	 369 
1 	 271 
1 	 302 
1 	 203 
2 	 365 
2 	 180 
1 	 295 
1 	 196 
1 	 271 
1 	 199 
8 	 503 
8 	 262 
4 	 364 
4 	 221 
2 	 338 
2 	 203 
1 	 251 
1 	 157 
1 	 235 
1 	 172 
2 	 324 
2 	 168 
1 	 241 
1 	 185 
1 	 246 
1 	 179 
4 	 364 
4 	 205 
2 	 320 
2 	 153 
1 	 283 
1 	 170 
1 	 224 
1 	 150 
2 	 258 
2 	 175 
1 	 221 
1 	 160 
1 	 258 
1 	 154 
64 	 2421 
64 	 1505 
32 	 1665 
32 	 1304 
16 	 803 
16 	 537 
8 	 498 
8 	 278 
4 	 503 
4 	 260 
2 	 333 
2 	 182 
1 	 318 
1 	 190 
1 	 276 
1 	 166 
2 	 489 
2 	 258 
1 	 334 
1 	 206 
1 	 289 
1 	 221 
4 	 453 
4 	 296 
2 	 354 
2 	 225 
1 	 287 
1 	 184 
1 	 314 
1 	 174 
2 	 509 
2 	 306 
1 	 340 
1 	 232 
1 	 546 
1 	 312 
8 	 1654 
8 	 1091 
4 	 1204 
4 	 859 
2 	 1029 
2 	 594 
1 	 849 
1 	 523 
1 	 1084 
1 	 630 
2 	 1292 
2 	 761 
1 	 1151 
1 	 742 
1 	 1346 
1 	 804 
4 	 1735 
4 	 904 
2 	 1671 
2 	 1014 
1 	 1517 
1 	 900 
1 	 1366 
1 	 845 
2 	 1527 
2 	 945 
1 	 1235 
1 	 773 
1 	 1227 
1 	 772 
16 	 1711 
16 	 837 
8 	 1723 
8 	 796 
4 	 1668 
4 	 946 
2 	 1479 
2 	 934 
1 	 1220 
1 	 910 
1 	 1158 
1 	 695 
2 	 1125 
2 	 636 
1 	 952 
1 	 595 
1 	 777 
1 	 531 
4 	 1085 
4 	 592 
2 	 891 
2 	 587 
1 	 770 
1 	 509 
1 	 638 
1 	 473 
2 	 805 
2 	 442 
1 	 623 
1 	 405 
1 	 553 
1 	 397 
8 	 864 
8 	 603 
4 	 812 
4 	 538 
2 	 733 
2 	 444 
1 	 571 
1 	 351 
1 	 529 
1 	 358 
2 	 603 
2 	 398 
1 	 511 
1 	 377 
1 	 432 
1 	 314 
4 	 750 
4 	 476 
2 	 564 
2 	 374 
1 	 484 
1 	 308 
1 	 414 
1 	 319 
2 	 544 
2 	 347 
1 	 427 
1 	 294 
1 	 385 
1 	 287 
32 	 1640 
32 	 571 
16 	 1219 
16 	 470 
8 	 917 
8 	 436 
4 	 727 
4 	 379 
2 	 519 
2 	 350 
1 	 407 
1 	 335 
1 	 450 
1 	 272 
2 	 625 
2 	 381 
1 	 431 
1 	 292 
1 	 508 
1 	 345 
4 	 871 
4 	 437 
2 	 607 
2 	 382 
1 	 464 
1 	 312 
1 	 532 
1 	 307 
2 	 645 
2 	 359 
1 	 487 
1 	 273 
1 	 467 
1 	 319 
8 	 1229 
8 	 578 
4 	 943 
4 	 488 
2 	 686 
2 	 397 
1 	 542 
1 	 339 
1 	 545 
1 	 288 
2 	 804 
2 	 376 
1 	 550 
1 	 329 
1 	 622 
1 	 351 
4 	 1107 
4 	 493 
2 	 874 
2 	 399 
1 	 647 
1 	 341 
1 	 639 
1 	 386 
2 	 886 
2 	 437 
1 	 651 
1 	 373 
1 	 646 
1 	 396 
16 	 1252 
16 	 689 
8 	 1218 
8 	 792 
4 	 1077 
4 	 645 
2 	 963 
2 	 520 
1 	 817 
1 	 406 
1 	 844 
1 	 451 
2 	 1100 
2 	 559 
1 	 921 
1 	 515 
1 	 944 
1 	 579 
4 	 1246 
4 	 607 
2 	 1153 
2 	 642 
1 	 995 
1 	 542 
1 	 830 
1 	 456 
2 	 927 
2 	 520 
1 	 719 
1 	 507 
1 	 842 
1 	 487 
8 	 1682 
8 	 677 
4 	 1394 
4 	 749 
2 	 1028 
2 	 565 
1 	 750 
1 	 442 
1 	 862 
1 	 464 
2 	 1225 
2 	 619 
1 	 907 
1 	 492 
1 	 864 
1 	 631 
4 	 1366 
4 	 706 
2 	 1226 
2 	 685 
1 	 1048 
1 	 599 
1 	 893 
1 	 567 
2 	 1097 
2 	 496 
1 	 821 
1 	 470 
1 	 764 
1 	 384 
64 	 2223 
64 	 636 
32 	 1634 
32 	 567 
16 	 1437 
16 	 606 
8 	 1290 
8 	 565 
4 	 1120 
4 	 647 
2 	 972 
2 	 519 
1 	 760 
1 	 435 
1 	 827 
1 	 435 
2 	 1005 
2 	 495 
1 	 832 
1 	 474 
1 	 795 
1 	 429 
4 	 1038 
4 	 578 
2 	 857 
2 	 463 
1 	 745 
1 	 426 
1 	 687 
1 	 407 
2 	 823 
2 	 471 
1 	 801 
1 	 407 
1 	 684 
1 	 404 
8 	 730 
8 	 353 
4 	 747 
4 	 491 
2 	 827 
2 	 453 
1 	 703 
1 	 394 
1 	 641 
1 	 414 
2 	 661 
2 	 367 
1 	 637 
1 	 342 
1 	 413 
1 	 286 
4 	 642 
4 	 322 
2 	 455 
2 	 221 
1 	 354 
1 	 182 
1 	 342 
1 	 196 
2 	 599 
2 	 308 
1 	 444 
1 	 236 
1 	 484 
1 	 306 
16 	 1528 
16 	 773 
8 	 869 
8 	 465 
4 	 740 
4 	 422 
2 	 603 
2 	 364 
1 	 522 
1 	 292 
1 	 490 
1 	 312 
2 	 506 
2 	 327 
1 	 385 
1 	 250 
1 	 454 
1 	 276 
4 	 961 
4 	 545 
2 	 715 
2 	 453 
1 	 494 
1 	 333 
1 	 609 
1 	 358 
2 	 1003 
2 	 518 
1 	 743 
1 	 428 
1 	 977 
1 	 514 
8 	 1144 
8 	 443 
4 	 929 
4 	 418 
2 	 835 
2 	 475 
1 	 687 
1 	 437 
1 	 509 
1 	 287 
2 	 617 
2 	 357 
1 	 457 
1 	 271 
1 	 515 
1 	 306 
4 	 766 
4 	 455 
2 	 737 
2 	 403 
1 	 543 
1 	 347 
1 	 550 
1 	 342 
2 	 646 
2 	 355 
1 	 481 
1 	 305 
1 	 430 
1 	 287 
16 	 576 
16 	 441 
8 	 881 
8 	 429 
4 	 777 
4 	 465 
2 	 690 
2 	 350 
1 	 496 
1 	 294 
1 	 573 
1 	 315 
2 	 681 
2 	 374 
1 	 566 
1 	 315 
1 	 651 
1 	 294 
4 	 950 
4 	 566 
2 	 855 
2 	 495 
1 	 685 
1 	 327 
1 	 982 
1 	 546 
2 	 671 
2 	 457 
1 	 764 
1 	 527 
1 	 564 
1 	 420 
4 	 313 
4 	 152 
2 	 426 
2 	 244 
1 	 438 
1 	 263 
1 	 295 
1 	 209 
2 	 76 
2 	 55 
1 	 125 
1 	 97 
512 	 2218 
256 	 2045 
256 	 3534 
64 	 978 
64 	 726 
16 	 67 
16 	 34 
2 	 27 
2 	 6 
1 	 59 
1 	 34 
8 	 701 
8 	 419 
4 	 229 
4 	 145 
2 	 132 
2 	 101 
1 	 100 
1 	 70 
1 	 177 
1 	 93 
2 	 449 
2 	 299 
1 	 298 
1 	 213 
1 	 563 
1 	 382 
4 	 1182 
4 	 852 
2 	 1205 
2 	 801 
1 	 987 
1 	 594 
1 	 1255 
1 	 852 
2 	 1039 
2 	 686 
1 	 1020 
1 	 717 
1 	 797 
1 	 542 
32 	 1323 
32 	 976 
16 	 1164 
16 	 553 
8 	 1122 
8 	 559 
4 	 964 
4 	 552 
2 	 849 
2 	 541 
1 	 759 
1 	 507 
1 	 784 
1 	 501 
2 	 862 
2 	 503 
1 	 764 
1 	 478 
1 	 724 
1 	 454 
4 	 964 
4 	 481 
2 	 845 
2 	 461 
1 	 694 
1 	 424 
1 	 645 
1 	 474 
2 	 650 
2 	 389 
1 	 629 
1 	 365 
1 	 620 
1 	 432 
8 	 887 
8 	 538 
4 	 784 
4 	 488 
2 	 671 
2 	 410 
1 	 611 
1 	 437 
1 	 618 
1 	 443 
2 	 640 
2 	 409 
1 	 600 
1 	 390 
1 	 574 
1 	 407 
4 	 838 
4 	 519 
2 	 725 
2 	 403 
1 	 567 
1 	 393 
1 	 604 
1 	 402 
2 	 751 
2 	 448 
1 	 601 
1 	 438 
1 	 590 
1 	 415 
16 	 1381 
16 	 892 
8 	 1109 
8 	 705 
4 	 868 
4 	 568 
2 	 721 
2 	 450 
1 	 575 
1 	 385 
1 	 672 
1 	 419 
2 	 797 
2 	 462 
1 	 648 
1 	 408 
1 	 606 
1 	 425 
4 	 1152 
4 	 575 
2 	 884 
2 	 474 
1 	 700 
1 	 465 
1 	 701 
1 	 424 
2 	 964 
2 	 573 
1 	 691 
1 	 468 
1 	 667 
1 	 480 
8 	 1677 
8 	 886 
4 	 1318 
4 	 767 
2 	 988 
2 	 597 
1 	 734 
1 	 479 
1 	 796 
1 	 503 
2 	 1224 
2 	 697 
1 	 907 
1 	 634 
1 	 1048 
1 	 658 
4 	 1915 
4 	 1097 
2 	 1597 
2 	 848 
1 	 1234 
1 	 691 
1 	 1421 
1 	 895 
2 	 1756 
2 	 1094 
1 	 1452 
1 	 856 
1 	 1636 
1 	 994 
128 	 2889 
128 	 1959 
64 	 2858 
64 	 2988 
32 	 2584 
32 	 1464 
16 	 3610 
16 	 2316 
8 	 3403 
8 	 2081 
4 	 2267 
4 	 1352 
2 	 1988 
2 	 1122 
1 	 1601 
1 	 971 
1 	 1608 
1 	 949 
2 	 2112 
2 	 1172 
1 	 1757 
1 	 1033 
1 	 2139 
1 	 1260 
4 	 3647 
4 	 2172 
2 	 3166 
2 	 1806 
1 	 2849 
1 	 1614 
1 	 2654 
1 	 1624 
2 	 3348 
2 	 1768 
1 	 2695 
1 	 1613 
1 	 2793 
1 	 1764 
8 	 3136 
8 	 1792 
4 	 3099 
4 	 1918 
2 	 2860 
2 	 1595 
1 	 2515 
1 	 1524 
1 	 2252 
1 	 1421 
2 	 2835 
2 	 1569 
1 	 2317 
1 	 1289 
1 	 2065 
1 	 1337 
4 	 2413 
4 	 1150 
2 	 2094 
2 	 1187 
1 	 1875 
1 	 1131 
1 	 1527 
1 	 945 
2 	 1768 
2 	 1010 
1 	 1446 
1 	 836 
1 	 1384 
1 	 858 
16 	 2132 
16 	 1052 
8 	 1813 
8 	 926 
4 	 1549 
4 	 829 
2 	 1498 
2 	 838 
1 	 1306 
1 	 696 
1 	 1062 
1 	 606 
2 	 1143 
2 	 639 
1 	 1005 
1 	 517 
1 	 879 
1 	 524 
4 	 1251 
4 	 636 
2 	 1028 
2 	 526 
1 	 817 
1 	 439 
1 	 747 
1 	 400 
2 	 1016 
2 	 574 
1 	 751 
1 	 449 
1 	 889 
1 	 495 
8 	 1430 
8 	 771 
4 	 1196 
4 	 625 
2 	 936 
2 	 570 
1 	 756 
1 	 496 
1 	 702 
1 	 410 
2 	 943 
2 	 543 
1 	 703 
1 	 450 
1 	 644 
1 	 424 
4 	 965 
4 	 503 
2 	 754 
2 	 472 
1 	 635 
1 	 388 
1 	 549 
1 	 322 
2 	 743 
2 	 443 
1 	 495 
1 	 321 
1 	 559 
1 	 358 
32 	 1606 
32 	 843 
16 	 1052 
16 	 645 
8 	 983 
8 	 607 
4 	 845 
4 	 508 
2 	 734 
2 	 454 
1 	 568 
1 	 349 
1 	 487 
1 	 345 
2 	 661 
2 	 432 
1 	 519 
1 	 327 
1 	 482 
1 	 321 
4 	 791 
4 	 508 
2 	 676 
2 	 393 
1 	 496 
1 	 341 
1 	 514 
1 	 308 
2 	 573 
2 	 436 
1 	 451 
1 	 339 
1 	 445 
1 	 301 
8 	 1038 
8 	 670 
4 	 753 
4 	 480 
2 	 582 
2 	 363 
1 	 465 
1 	 328 
1 	 420 
1 	 317 
2 	 658 
2 	 415 
1 	 442 
1 	 333 
1 	 512 
1 	 400 
4 	 1001 
4 	 617 
2 	 774 
2 	 552 
1 	 539 
1 	 393 
1 	 614 
1 	 449 
2 	 802 
2 	 554 
1 	 631 
1 	 411 
1 	 619 
1 	 440 
16 	 1355 
16 	 565 
8 	 1293 
8 	 597 
4 	 938 
4 	 512 
2 	 742 
2 	 449 
1 	 545 
1 	 361 
1 	 547 
1 	 327 
2 	 741 
2 	 383 
1 	 540 
1 	 291 
1 	 541 
1 	 372 
4 	 844 
4 	 503 
2 	 645 
2 	 435 
1 	 474 
1 	 326 
1 	 426 
1 	 288 
2 	 566 
2 	 362 
1 	 422 
1 	 304 
1 	 435 
1 	 289 
8 	 741 
8 	 366 
4 	 714 
4 	 364 
2 	 515 
2 	 294 
1 	 416 
1 	 264 
1 	 335 
1 	 249 
2 	 460 
2 	 296 
1 	 366 
1 	 255 
1 	 306 
1 	 205 
4 	 530 
4 	 279 
2 	 365 
2 	 260 
1 	 269 
1 	 211 
1 	 292 
1 	 203 
2 	 378 
2 	 284 
1 	 301 
1 	 234 
1 	 281 
1 	 197 
32 	 723 
32 	 152 
16 	 647 
16 	 263 
8 	 594 
8 	 358 
4 	 530 
4 	 343 
2 	 393 
2 	 291 
1 	 293 
1 	 241 
1 	 316 
1 	 228 
2 	 461 
2 	 275 
1 	 325 
1 	 236 
1 	 354 
1 	 239 
4 	 407 
4 	 258 
2 	 362 
2 	 220 
1 	 305 
1 	 219 
1 	 245 
1 	 215 
2 	 249 
2 	 159 
1 	 153 
1 	 119 
1 	 179 
1 	 131 
8 	 330 
8 	 146 
4 	 275 
4 	 155 
2 	 217 
2 	 121 
1 	 155 
1 	 118 
1 	 120 
1 	 93 
2 	 187 
2 	 116 
1 	 123 
1 	 62 
1 	 112 
1 	 76 
4 	 172 
4 	 85 
2 	 152 
2 	 96 
1 	 93 
1 	 68 
1 	 91 
1 	 64 
2 	 104 
2 	 84 
1 	 50 
1 	 70 
1 	 44 
1 	 46 
2 	 29 
2 	 25 
1 	 15 
1 	 23 
512 	 4195 
256 	 1417 
256 	 2931 
128 	 1968 
128 	 1168 
64 	 1824 
64 	 1142 
32 	 1466 
32 	 1109 
16 	 1236 
16 	 972 
8 	 1489 
8 	 973 
4 	 1457 
4 	 883 
2 	 1297 
2 	 1002 
1 	 1178 
1 	 853 
1 	 1096 
1 	 767 
2 	 1099 
2 	 654 
1 	 810 
1 	 634 
1 	 840 
1 	 587 
4 	 1211 
4 	 641 
2 	 933 
2 	 604 
1 	 793 
1 	 541 
1 	 689 
1 	 518 
2 	 755 
2 	 511 
1 	 652 
1 	 467 
1 	 581 
1 	 443 
8 	 1299 
8 	 698 
4 	 977 
4 	 629 
2 	 789 
2 	 521 
1 	 613 
1 	 473 
1 	 548 
1 	 409 
2 	 794 
2 	 516 
1 	 591 
1 	 412 
1 	 524 
1 	 410 
4 	 951 
4 	 559 
2 	 697 
2 	 445 
1 	 504 
1 	 395 
1 	 533 
1 	 374 
2 	 713 
2 	 470 
1 	 541 
1 	 385 
1 	 549 
1 	 374 
16 	 1618 
16 	 840 
8 	 1210 
8 	 652 
4 	 978 
4 	 547 
2 	 750 
2 	 423 
1 	 527 
1 	 363 
1 	 530 
1 	 322 
2 	 783 
2 	 485 
1 	 559 
1 	 363 
1 	 562 
1 	 444 
4 	 899 
4 	 528 
2 	 709 
2 	 486 
1 	 513 
1 	 399 
1 	 502 
1 	 340 
2 	 744 
2 	 514 
1 	 567 
1 	 371 
1 	 619 
1 	 430 
8 	 1337 
8 	 740 
4 	 1093 
4 	 656 
2 	 807 
2 	 564 
1 	 627 
1 	 450 
1 	 610 
1 	 412 
2 	 920 
2 	 556 
1 	 677 
1 	 437 
1 	 644 
1 	 444 
4 	 1057 
4 	 602 
2 	 827 
2 	 537 
1 	 614 
1 	 431 
1 	 612 
1 	 421 
2 	 818 
2 	 512 
1 	 603 
1 	 417 
1 	 657 
1 	 466 
32 	 1625 
32 	 761 
16 	 1424 
16 	 816 
8 	 1212 
8 	 821 
4 	 1041 
4 	 658 
2 	 789 
2 	 527 
1 	 593 
1 	 388 
1 	 594 
1 	 420 
2 	 780 
2 	 564 
1 	 601 
1 	 475 
1 	 592 
1 	 473 
4 	 927 
4 	 660 
2 	 777 
2 	 577 
1 	 615 
1 	 465 
1 	 541 
1 	 414 
2 	 672 
2 	 503 
1 	 510 
1 	 383 
1 	 565 
1 	 402 
8 	 1163 
8 	 620 
4 	 928 
4 	 586 
2 	 790 
2 	 515 
1 	 571 
1 	 445 
1 	 534 
1 	 373 
2 	 699 
2 	 445 
1 	 528 
1 	 360 
1 	 568 
1 	 409 
4 	 1024 
4 	 610 
2 	 743 
2 	 492 
1 	 549 
1 	 347 
1 	 591 
1 	 378 
2 	 802 
2 	 513 
1 	 605 
1 	 424 
1 	 524 
1 	 372 
16 	 1395 
16 	 714 
8 	 1107 
8 	 658 
4 	 933 
4 	 594 
2 	 772 
2 	 500 
1 	 576 
1 	 420 
1 	 527 
1 	 387 
2 	 747 
2 	 508 
1 	 532 
1 	 390 
1 	 572 
1 	 427 
4 	 907 
4 	 550 
2 	 682 
2 	 496 
1 	 504 
1 	 328 
1 	 516 
1 	 367 
2 	 791 
2 	 505 
1 	 542 
1 	 366 
1 	 545 
1 	 367 
8 	 1175 
8 	 604 
4 	 943 
4 	 478 
2 	 780 
2 	 446 
1 	 551 
1 	 338 
1 	 535 
1 	 367 
2 	 688 
2 	 402 
1 	 490 
1 	 350 
1 	 496 
1 	 315 
4 	 843 
4 	 472 
2 	 638 
2 	 388 
1 	 481 
1 	 288 
1 	 489 
1 	 324 
2 	 661 
2 	 426 
1 	 486 
1 	 305 
1 	 435 
1 	 288 
64 	 1984 
64 	 869 
32 	 1570 
32 	 973 
16 	 1313 
16 	 773 
8 	 951 
8 	 521 
4 	 813 
4 	 424 
2 	 641 
2 	 375 
1 	 459 
1 	 282 
1 	 438 
1 	 306 
2 	 659 
2 	 381 
1 	 437 
1 	 274 
1 	 466 
1 	 321 
4 	 918 
4 	 645 
2 	 756 
2 	 477 
1 	 622 
1 	 431 
1 	 644 
1 	 433 
2 	 908 
2 	 593 
1 	 669 
1 	 437 
1 	 747 
1 	 456 
8 	 1304 
8 	 846 
4 	 1301 
4 	 748 
2 	 1124 
2 	 681 
1 	 845 
1 	 536 
1 	 889 
1 	 521 
2 	 1030 
2 	 655 
1 	 858 
1 	 538 
1 	 792 
1 	 511 
4 	 1322 
4 	 818 
2 	 1086 
2 	 644 
1 	 792 
1 	 513 
1 	 831 
1 	 551 
2 	 1152 
2 	 674 
1 	 930 
1 	 560 
1 	 874 
1 	 551 
16 	 1278 
16 	 668 
8 	 1318 
8 	 883 
4 	 1382 
4 	 846 
2 	 1071 
2 	 624 
1 	 894 
1 	 564 
1 	 926 
1 	 544 
2 	 1215 
2 	 655 
1 	 914 
1 	 562 
1 	 981 
1 	 595 
4 	 970 
4 	 584 
2 	 904 
2 	 549 
1 	 768 
1 	 468 
1 	 640 
1 	 428 
2 	 754 
2 	 415 
1 	 589 
1 	 345 
1 	 503 
1 	 345 
8 	 1059 
8 	 571 
4 	 787 
4 	 384 
2 	 615 
2 	 363 
1 	 461 
1 	 297 
1 	 501 
1 	 291 
2 	 689 
2 	 434 
1 	 521 
1 	 282 
1 	 682 
1 	 384 
4 	 759 
4 	 420 
2 	 633 
2 	 387 
1 	 475 
1 	 326 
1 	 461 
1 	 291 
2 	 645 
2 	 323 
1 	 487 
1 	 283 
1 	 442 
1 	 334 
32 	 1014 
32 	 549 
16 	 1153 
16 	 559 
8 	 796 
8 	 386 
4 	 774 
4 	 373 
2 	 580 
2 	 285 
1 	 448 
1 	 262 
1 	 447 
1 	 264 
2 	 560 
2 	 327 
1 	 481 
1 	 285 
1 	 451 
1 	 274 
4 	 627 
4 	 301 
2 	 445 
2 	 222 
1 	 344 
1 	 215 
1 	 332 
1 	 196 
2 	 599 
2 	 415 
1 	 429 
1 	 311 
1 	 558 
1 	 336 
8 	 741 
8 	 429 
4 	 765 
4 	 431 
2 	 599 
2 	 363 
1 	 510 
1 	 303 
1 	 426 
1 	 282 
2 	 530 
2 	 289 
1 	 390 
1 	 272 
1 	 380 
1 	 226 
4 	 582 
4 	 323 
2 	 438 
2 	 194 
1 	 294 
1 	 196 
1 	 310 
1 	 212 
2 	 465 
2 	 236 
1 	 360 
1 	 232 
1 	 277 
1 	 206 
16 	 604 
16 	 318 
8 	 538 
8 	 329 
4 	 452 
4 	 293 
2 	 433 
2 	 252 
1 	 318 
1 	 186 
1 	 314 
1 	 214 
2 	 348 
2 	 233 
1 	 262 
1 	 153 
1 	 273 
1 	 196 
4 	 447 
4 	 268 
2 	 377 
2 	 233 
1 	 298 
1 	 172 
1 	 264 
1 	 196 
2 	 375 
2 	 280 
1 	 295 
1 	 204 
1 	 272 
1 	 184 
8 	 562 
8 	 334 
4 	 405 
4 	 244 
2 	 338 
2 	 197 
1 	 236 
1 	 144 
1 	 242 
1 	 184 
2 	 351 
2 	 263 
1 	 257 
1 	 184 
1 	 279 
1 	 175 
4 	 458 
4 	 293 
2 	 365 
2 	 215 
1 	 280 
1 	 170 
1 	 252 
1 	 159 
2 	 347 
2 	 204 
1 	 225 
1 	 159 
1 	 261 
1 	 155 
64 	 1026 
64 	 557 
32 	 710 
32 	 351 
16 	 599 
16 	 335 
8 	 517 
8 	 292 
4 	 508 
4 	 302 
2 	 388 
2 	 197 
1 	 267 
1 	 176 
1 	 281 
1 	 181 
2 	 380 
2 	 218 
1 	 291 
1 	 184 
1 	 237 
1 	 169 
4 	 431 
4 	 289 
2 	 353 
2 	 232 
1 	 251 
1 	 155 
1 	 260 
1 	 208 
2 	 310 
2 	 194 
1 	 215 
1 	 142 
1 	 232 
1 	 170 
8 	 546 
8 	 247 
4 	 360 
4 	 220 
2 	 295 
2 	 183 
1 	 214 
1 	 152 
1 	 182 
1 	 149 
2 	 304 
2 	 181 
1 	 256 
1 	 168 
1 	 235 
1 	 144 
4 	 389 
4 	 221 
2 	 318 
2 	 222 
1 	 248 
1 	 131 
1 	 257 
1 	 158 
2 	 371 
2 	 212 
1 	 232 
1 	 136 
1 	 260 
1 	 186 
16 	 828 
16 	 439 
8 	 551 
8 	 316 
4 	 433 
4 	 277 
2 	 353 
2 	 222 
1 	 244 
1 	 171 
1 	 263 
1 	 177 
2 	 290 
2 	 215 
1 	 235 
1 	 178 
1 	 235 
1 	 161 
4 	 417 
4 	 256 
2 	 317 
2 	 199 
1 	 197 
1 	 140 
1 	 217 
1 	 156 
2 	 403 
2 	 191 
1 	 310 
1 	 164 
1 	 224 
1 	 140 
8 	 712 
8 	 362 
4 	 575 
4 	 276 
2 	 461 
2 	 258 
1 	 360 
1 	 188 
1 	 310 
1 	 233 
2 	 381 
2 	 201 
1 	 270 
1 	 153 
1 	 294 
1 	 134 
4 	 508 
4 	 242 
2 	 404 
2 	 230 
1 	 263 
1 	 168 
1 	 303 
1 	 181 
2 	 409 
2 	 220 
1 	 299 
1 	 181 
1 	 336 
1 	 168 
32 	 1289 
32 	 555 
16 	 960 
16 	 454 
8 	 743 
8 	 329 
4 	 553 
4 	 213 
2 	 396 
2 	 184 
1 	 248 
1 	 149 
1 	 273 
1 	 150 
2 	 469 
2 	 235 
1 	 347 
1 	 204 
1 	 410 
1 	 238 
4 	 863 
4 	 542 
2 	 754 
2 	 454 
1 	 607 
1 	 363 
1 	 597 
1 	 357 
2 	 719 
2 	 424 
1 	 618 
1 	 358 
1 	 422 
1 	 332 
8 	 800 
8 	 428 
4 	 712 
4 	 381 
2 	 608 
2 	 315 
1 	 484 
1 	 243 
1 	 425 
1 	 227 
2 	 548 
2 	 271 
1 	 399 
1 	 213 
1 	 423 
1 	 243 
4 	 734 
4 	 381 
2 	 637 
2 	 297 
1 	 444 
1 	 236 
1 	 504 
1 	 251 
2 	 832 
2 	 370 
1 	 602 
1 	 295 
1 	 561 
1 	 293 
16 	 830 
16 	 272 
8 	 951 
8 	 466 
4 	 753 
4 	 354 
2 	 558 
2 	 246 
1 	 431 
1 	 201 
1 	 442 
1 	 206 
2 	 707 
2 	 392 
1 	 579 
1 	 242 
1 	 567 
1 	 323 
4 	 652 
4 	 252 
2 	 576 
2 	 318 
1 	 519 
1 	 262 
1 	 461 
1 	 215 
2 	 495 
2 	 238 
1 	 390 
1 	 181 
1 	 306 
1 	 187 
2 	 65 
2 	 17 
1 	 61 
1 	 30 
512 	 2161 
256 	 1580 
256 	 1909 
128 	 448 
128 	 675 
32 	 645 
32 	 431 
16 	 345 
16 	 259 
8 	 214 
8 	 151 
4 	 93 
4 	 85 
2 	 86 
2 	 57 
1 	 11 
1 	 4 
1 	 207 
1 	 70 
2 	 286 
2 	 119 
1 	 235 
1 	 115 
1 	 276 
1 	 170 
4 	 338 
4 	 134 
2 	 272 
2 	 111 
1 	 238 
1 	 146 
1 	 242 
1 	 158 
2 	 292 
2 	 147 
1 	 279 
1 	 167 
1 	 359 
1 	 205 
8 	 540 
8 	 291 
4 	 457 
4 	 266 
2 	 461 
2 	 226 
1 	 376 
1 	 188 
1 	 511 
1 	 242 
2 	 504 
2 	 273 
1 	 387 
1 	 246 
1 	 435 
1 	 254 
4 	 559 
4 	 254 
2 	 490 
2 	 244 
1 	 396 
1 	 188 
1 	 478 
1 	 258 
2 	 442 
2 	 236 
1 	 432 
1 	 197 
1 	 380 
1 	 232 
16 	 481 
16 	 318 
8 	 419 
8 	 199 
4 	 404 
4 	 197 
2 	 375 
2 	 178 
1 	 351 
1 	 199 
1 	 270 
1 	 138 
2 	 231 
2 	 114 
1 	 238 
1 	 121 
1 	 206 
1 	 105 
4 	 301 
4 	 155 
2 	 208 
2 	 95 
1 	 205 
1 	 109 
1 	 230 
1 	 133 
2 	 278 
2 	 157 
1 	 242 
1 	 152 
1 	 261 
1 	 187 
8 	 418 
8 	 358 
4 	 404 
4 	 293 
2 	 338 
2 	 209 
1 	 286 
1 	 199 
1 	 313 
1 	 257 
2 	 385 
2 	 287 
1 	 351 
1 	 267 
1 	 368 
1 	 286 
4 	 394 
4 	 303 
2 	 375 
2 	 370 
1 	 351 
1 	 323 
1 	 325 
1 	 257 
2 	 350 
2 	 204 
1 	 262 
1 	 207 
1 	 285 
1 	 224 
64 	 1147 
64 	 844 
32 	 474 
32 	 243 
16 	 478 
16 	 250 
8 	 440 
8 	 225 
4 	 349 
4 	 237 
2 	 319 
2 	 195 
1 	 253 
1 	 175 
1 	 249 
1 	 174 
2 	 234 
2 	 210 
1 	 205 
1 	 179 
1 	 227 
1 	 166 
4 	 331 
4 	 199 
2 	 255 
2 	 166 
1 	 261 
1 	 185 
1 	 227 
1 	 178 
2 	 268 
2 	 166 
1 	 204 
1 	 173 
1 	 215 
1 	 167 
8 	 356 
8 	 211 
4 	 303 
4 	 236 
2 	 242 
2 	 167 
1 	 183 
1 	 146 
1 	 220 
1 	 151 
2 	 261 
2 	 179 
1 	 227 
1 	 166 
1 	 216 
1 	 171 
4 	 305 
4 	 183 
2 	 221 
2 	 174 
1 	 171 
1 	 130 
1 	 204 
1 	 149 
2 	 259 
2 	 178 
1 	 192 
1 	 147 
1 	 216 
1 	 150 
16 	 496 
16 	 256 
8 	 387 
8 	 212 
4 	 302 
4 	 188 
2 	 256 
2 	 162 
1 	 200 
1 	 144 
1 	 151 
1 	 106 
2 	 226 
2 	 175 
1 	 172 
1 	 130 
1 	 180 
1 	 130 
4 	 315 
4 	 186 
2 	 227 
2 	 156 
1 	 187 
1 	 137 
1 	 152 
1 	 116 
2 	 252 
2 	 174 
1 	 196 
1 	 144 
1 	 219 
1 	 165 
8 	 496 
8 	 292 
4 	 381 
4 	 223 
2 	 273 
2 	 185 
1 	 211 
1 	 157 
1 	 210 
1 	 152 
2 	 336 
2 	 242 
1 	 268 
1 	 196 
1 	 295 
1 	 186 
4 	 1093 
4 	 744 
2 	 563 
2 	 292 
1 	 395 
1 	 294 
1 	 544 
1 	 319 
2 	 1252 
2 	 752 
1 	 1037 
1 	 720 
1 	 1102 
1 	 603 
32 	 1217 
32 	 747 
16 	 1181 
16 	 640 
8 	 1190 
8 	 778 
4 	 1103 
4 	 616 
2 	 1120 
2 	 582 
1 	 968 
1 	 486 
1 	 951 
1 	 546 
2 	 1030 
2 	 590 
1 	 933 
1 	 565 
1 	 928 
1 	 523 
4 	 1093 
4 	 625 
2 	 1001 
2 	 543 
1 	 847 
1 	 533 
1 	 705 
1 	 483 
2 	 837 
2 	 543 
1 	 722 
1 	 503 
1 	 806 
1 	 521 
8 	 1029 
8 	 580 
4 	 835 
4 	 555 
2 	 778 
2 	 448 
1 	 692 
1 	 450 
1 	 536 
1 	 370 
2 	 744 
2 	 442 
1 	 596 
1 	 385 
1 	 536 
1 	 338 
4 	 738 
4 	 482 
2 	 631 
2 	 390 
1 	 477 
1 	 371 
1 	 477 
1 	 345 
2 	 607 
2 	 366 
1 	 509 
1 	 342 
1 	 463 
1 	 327 
16 	 890 
16 	 593 
8 	 856 
8 	 515 
4 	 735 
4 	 442 
2 	 517 
2 	 341 
1 	 390 
1 	 276 
1 	 403 
1 	 262 
2 	 567 
2 	 410 
1 	 447 
1 	 319 
1 	 484 
1 	 368 
4 	 726 
4 	 471 
2 	 623 
2 	 464 
1 	 494 
1 	 392 
1 	 510 
1 	 419 
2 	 549 
2 	 461 
1 	 440 
1 	 404 
1 	 408 
1 	 360 
8 	 720 
8 	 386 
4 	 660 
4 	 344 
2 	 543 
2 	 398 
1 	 426 
1 	 323 
1 	 399 
1 	 272 
2 	 397 
2 	 280 
1 	 295 
1 	 239 
1 	 279 
1 	 239 
4 	 537 
4 	 280 
2 	 411 
2 	 289 
1 	 313 
1 	 217 
1 	 307 
1 	 214 
2 	 448 
2 	 260 
1 	 311 
1 	 204 
1 	 319 
1 	 225 
128 	 1164 
128 	 341 
64 	 1084 
64 	 329 
32 	 1370 
32 	 722 
16 	 729 
16 	 377 
8 	 656 
8 	 319 
4 	 608 
4 	 356 
2 	 519 
2 	 305 
1 	 359 
1 	 237 
1 	 372 
1 	 223 
2 	 487 
2 	 236 
1 	 350 
1 	 195 
1 	 365 
1 	 224 
4 	 638 
4 	 288 
2 	 508 
2 	 240 
1 	 380 
1 	 205 
1 	 387 
1 	 223 
2 	 567 
2 	 343 
1 	 413 
1 	 285 
1 	 455 
1 	 238 
8 	 870 
8 	 382 
4 	 668 
4 	 293 
2 	 513 
2 	 249 
1 	 392 
1 	 214 
1 	 416 
1 	 229 
2 	 671 
2 	 343 
1 	 459 
1 	 279 
1 	 556 
1 	 269 
4 	 799 
4 	 399 
2 	 803 
2 	 377 
1 	 625 
1 	 292 
1 	 631 
1 	 301 
2 	 947 
2 	 652 
1 	 765 
1 	 411 
1 	 1047 
1 	 714 
16 	 1446 
16 	 645 
8 	 1467 
8 	 794 
4 	 1323 
4 	 749 
2 	 1156 
2 	 628 
1 	 950 
1 	 493 
1 	 847 
1 	 512 
2 	 946 
2 	 567 
1 	 809 
1 	 444 
1 	 1041 
1 	 649 
4 	 977 
4 	 504 
2 	 960 
2 	 505 
1 	 846 
1 	 536 
1 	 637 
1 	 429 
2 	 870 
2 	 420 
1 	 657 
1 	 318 
1 	 711 
1 	 374 
8 	 673 
8 	 305 
4 	 729 
4 	 410 
2 	 693 
2 	 344 
1 	 550 
1 	 333 
1 	 487 
1 	 343 
2 	 513 
2 	 277 
1 	 417 
1 	 264 
1 	 319 
1 	 174 
4 	 314 
4 	 162 
2 	 299 
2 	 243 
1 	 327 
1 	 206 
1 	 271 
1 	 145 
2 	 215 
2 	 122 
1 	 170 
1 	 115 
1 	 169 
1 	 106 
32 	 375 
32 	 145 
16 	 293 
16 	 225 
8 	 258 
8 	 171 
4 	 211 
4 	 110 
2 	 187 
2 	 114 
1 	 136 
1 	 98 
1 	 111 
1 	 79 
2 	 190 
2 	 131 
1 	 133 
1 	 101 
1 	 134 
1 	 90 
4 	 274 
4 	 160 
2 	 181 
2 	 132 
1 	 141 
1 	 90 
1 	 147 
1 	 117 
2 	 196 
2 	 136 
1 	 136 
1 	 101 
1 	 140 
1 	 74 
8 	 303 
8 	 195 
4 	 267 
4 	 161 
2 	 177 
2 	 113 
1 	 120 
1 	 84 
1 	 142 
1 	 95 
2 	 200 
2 	 125 
1 	 138 
1 	 80 
1 	 153 
1 	 114 
4 	 319 
4 	 144 
2 	 243 
2 	 153 
1 	 188 
1 	 133 
1 	 179 
1 	 119 
2 	 231 
2 	 121 
1 	 170 
1 	 97 
1 	 143 
1 	 94 
16 	 351 
16 	 148 
8 	 274 
8 	 162 
4 	 246 
4 	 144 
2 	 189 
2 	 126 
1 	 134 
1 	 114 
1 	 147 
1 	 95 
2 	 182 
2 	 131 
1 	 141 
1 	 95 
1 	 164 
1 	 92 
4 	 290 
4 	 139 
2 	 224 
2 	 135 
1 	 157 
1 	 79 
1 	 197 
1 	 106 
2 	 239 
2 	 133 
1 	 175 
1 	 83 
1 	 193 
1 	 113 
8 	 332 
8 	 165 
4 	 349 
4 	 148 
2 	 294 
2 	 153 
1 	 213 
1 	 104 
1 	 217 
1 	 110 
2 	 217 
2 	 139 
1 	 209 
1 	 132 
1 	 175 
1 	 130 
4 	 219 
4 	 89 
2 	 188 
2 	 86 
1 	 160 
1 	 98 
1 	 118 
1 	 75 
2 	 163 
2 	 96 
1 	 119 
1 	 70 
1 	 103 
1 	 70 
32 	 400 
32 	 179 
16 	 261 
16 	 99 
8 	 180 
8 	 59 
4 	 164 
4 	 64 
2 	 155 
2 	 68 
1 	 112 
1 	 77 
1 	 105 
1 	 58 
2 	 142 
2 	 72 
1 	 112 
1 	 80 
1 	 132 
1 	 68 
4 	 207 
4 	 126 
2 	 205 
2 	 88 
1 	 159 
1 	 88 
1 	 176 
1 	 89 
2 	 208 
2 	 90 
1 	 181 
1 	 88 
1 	 156 
1 	 87 
8 	 247 
8 	 137 
4 	 231 
4 	 116 
2 	 190 
2 	 86 
1 	 174 
1 	 92 
1 	 201 
1 	 94 
2 	 251 
2 	 106 
1 	 197 
1 	 116 
1 	 200 
1 	 92 
4 	 323 
4 	 141 
2 	 212 
2 	 112 
1 	 226 
1 	 114 
1 	 227 
1 	 103 
2 	 321 
2 	 168 
1 	 298 
1 	 159 
1 	 263 
1 	 156 
16 	 243 
16 	 94 
8 	 191 
8 	 69 
4 	 265 
4 	 127 
2 	 247 
2 	 126 
1 	 235 
1 	 119 
1 	 216 
1 	 96 
2 	 185 
2 	 93 
1 	 191 
1 	 92 
1 	 140 
1 	 75 
4 	 164 
4 	 93 
2 	 146 
2 	 75 
1 	 136 
1 	 50 
1 	 181 
1 	 79 
2 	 215 
2 	 92 
1 	 134 
1 	 62 
1 	 132 
1 	 103 
2 	 34 
2 	 33 
1 	 58 
1 	 44 
1 	 22 
1 	 13 
512 	 1747 
256 	 121 
256 	 84 
2 	 33 
2 	 6 
1 	 78 
1 	 42 
128 	 649 
128 	 1870 
64 	 2151 
64 	 2166 
32 	 1542 
32 	 814 
16 	 878 
16 	 514 
8 	 372 
8 	 248 
4 	 157 
4 	 95 
2 	 116 
2 	 70 
1 	 94 
1 	 56 
1 	 105 
1 	 72 
2 	 205 
2 	 120 
1 	 122 
1 	 90 
1 	 245 
1 	 148 
4 	 880 
4 	 398 
2 	 622 
2 	 317 
1 	 480 
1 	 312 
1 	 662 
1 	 404 
2 	 1014 
2 	 408 
1 	 826 
1 	 377 
1 	 898 
1 	 473 
8 	 1392 
8 	 758 
4 	 1440 
4 	 673 
2 	 1161 
2 	 506 
1 	 940 
1 	 494 
1 	 1061 
1 	 630 
2 	 1390 
2 	 675 
1 	 1209 
1 	 687 
1 	 1247 
1 	 667 
4 	 1457 
4 	 586 
2 	 1262 
2 	 612 
1 	 1074 
1 	 529 
1 	 1111 
1 	 553 
2 	 1340 
2 	 652 
1 	 1174 
1 	 560 
1 	 1256 
1 	 589 
16 	 2060 
16 	 1054 
8 	 1906 
8 	 1167 
4 	 1745 
4 	 1145 
2 	 1696 
2 	 978 
1 	 1498 
1 	 868 
1 	 1711 
1 	 1023 
2 	 1936 
2 	 980 
1 	 1674 
1 	 1046 
1 	 1666 
1 	 927 
4 	 2216 
4 	 940 
2 	 1853 
2 	 905 
1 	 1682 
1 	 998 
1 	 1673 
1 	 819 
2 	 1828 
2 	 845 
1 	 1591 
1 	 868 
1 	 1560 
1 	 805 
8 	 2620 
8 	 1358 
4 	 2190 
4 	 981 
2 	 1862 
2 	 889 
1 	 1623 
1 	 850 
1 	 1575 
1 	 796 
2 	 2279 
2 	 1050 
1 	 1795 
1 	 915 
1 	 1989 
1 	 1098 
4 	 2488 
4 	 1103 
2 	 2366 
2 	 1178 
1 	 2008 
1 	 1174 
1 	 1923 
1 	 967 
2 	 1905 
2 	 881 
1 	 1603 
1 	 952 
1 	 1435 
1 	 872 
32 	 1728 
32 	 1793 
16 	 1836 
16 	 1056 
8 	 1823 
8 	 932 
4 	 1960 
4 	 1063 
2 	 1701 
2 	 917 
1 	 1484 
1 	 862 
1 	 1406 
1 	 833 
2 	 1661 
2 	 776 
1 	 1344 
1 	 719 
1 	 1226 
1 	 717 
4 	 1449 
4 	 884 
2 	 1220 
2 	 689 
1 	 1034 
1 	 663 
1 	 1043 
1 	 639 
2 	 1275 
2 	 672 
1 	 994 
1 	 587 
1 	 960 
1 	 585 
8 	 1536 
8 	 854 
4 	 1369 
4 	 744 
2 	 1116 
2 	 698 
1 	 916 
1 	 541 
1 	 920 
1 	 580 
2 	 1136 
2 	 577 
1 	 863 
1 	 501 
1 	 773 
1 	 503 
4 	 1142 
4 	 688 
2 	 962 
2 	 610 
1 	 805 
1 	 506 
1 	 712 
1 	 491 
2 	 900 
2 	 548 
1 	 752 
1 	 466 
1 	 651 
1 	 460 
16 	 1433 
16 	 932 
8 	 1302 
8 	 795 
4 	 1047 
4 	 649 
2 	 827 
2 	 532 
1 	 656 
1 	 445 
1 	 599 
1 	 461 
2 	 890 
2 	 533 
1 	 653 
1 	 487 
1 	 689 
1 	 544 
4 	 1047 
4 	 780 
2 	 842 
2 	 661 
1 	 670 
1 	 541 
1 	 650 
1 	 485 
2 	 768 
2 	 538 
1 	 609 
1 	 463 
1 	 537 
1 	 398 
8 	 1086 
8 	 641 
4 	 923 
4 	 573 
2 	 764 
2 	 517 
1 	 567 
1 	 401 
1 	 497 
1 	 385 
2 	 622 
2 	 456 
1 	 474 
1 	 332 
1 	 450 
1 	 367 
4 	 659 
4 	 435 
2 	 549 
2 	 378 
1 	 418 
1 	 295 
1 	 384 
1 	 290 
2 	 472 
2 	 324 
1 	 398 
1 	 279 
1 	 368 
1 	 215 
16 	 726 
16 	 128 
8 	 614 
8 	 259 
4 	 532 
4 	 296 
2 	 468 
2 	 253 
1 	 339 
1 	 215 
1 	 332 
1 	 166 
2 	 348 
2 	 151 
1 	 269 
1 	 129 
1 	 198 
1 	 125 
4 	 210 
4 	 78 
2 	 164 
2 	 107 
1 	 136 
1 	 92 
1 	 78 
1 	 54 
2 	 85 
2 	 33 
1 	 72 
1 	 31 
1 	 31 
1 	 15 
512 	 2705 
256 	 958 
256 	 1550 
128 	 921 
128 	 918 
64 	 997 
64 	 743 
32 	 957 
32 	 532 
16 	 842 
16 	 574 
8 	 822 
8 	 526 
4 	 740 
4 	 607 
2 	 699 
2 	 605 
1 	 628 
1 	 588 
1 	 742 
1 	 498 
2 	 772 
2 	 487 
1 	 621 
1 	 470 
1 	 532 
1 	 382 
4 	 865 
4 	 509 
2 	 718 
2 	 436 
1 	 555 
1 	 362 
1 	 555 
1 	 375 
2 	 647 
2 	 383 
1 	 520 
1 	 344 
1 	 512 
1 	 364 
8 	 1015 
8 	 455 
4 	 767 
4 	 431 
2 	 606 
2 	 419 
1 	 496 
1 	 310 
1 	 530 
1 	 315 
2 	 581 
2 	 367 
1 	 453 
1 	 330 
1 	 455 
1 	 318 
4 	 775 
4 	 415 
2 	 624 
2 	 367 
1 	 498 
1 	 306 
1 	 482 
1 	 287 
2 	 527 
2 	 310 
1 	 426 
1 	 278 
1 	 417 
1 	 260 
16 	 1193 
16 	 460 
8 	 998 
8 	 557 
4 	 858 
4 	 445 
2 	 660 
2 	 319 
1 	 421 
1 	 243 
1 	 558 
1 	 314 
2 	 745 
2 	 447 
1 	 563 
1 	 322 
1 	 480 
1 	 298 
4 	 813 
4 	 447 
2 	 648 
2 	 380 
1 	 505 
1 	 318 
1 	 475 
1 	 343 
2 	 634 
2 	 350 
1 	 489 
1 	 292 
1 	 522 
1 	 359 
8 	 922 
8 	 514 
4 	 839 
4 	 434 
2 	 644 
2 	 384 
1 	 490 
1 	 320 
1 	 509 
1 	 274 
2 	 632 
2 	 348 
1 	 508 
1 	 299 
1 	 472 
1 	 300 
4 	 835 
4 	 420 
2 	 659 
2 	 361 
1 	 522 
1 	 318 
1 	 494 
1 	 281 
2 	 652 
2 	 325 
1 	 531 
1 	 276 
1 	 453 
1 	 277 
32 	 1119 
32 	 586 
16 	 1011 
16 	 581 
8 	 894 
8 	 491 
4 	 774 
4 	 419 
2 	 609 
2 	 329 
1 	 472 
1 	 231 
1 	 436 
1 	 251 
2 	 655 
2 	 355 
1 	 492 
1 	 277 
1 	 518 
1 	 317 
4 	 846 
4 	 476 
2 	 660 
2 	 345 
1 	 476 
1 	 290 
1 	 509 
1 	 342 
2 	 647 
2 	 422 
1 	 513 
1 	 334 
1 	 505 
1 	 339 
8 	 996 
8 	 485 
4 	 868 
4 	 501 
2 	 777 
2 	 453 
1 	 560 
1 	 346 
1 	 635 
1 	 382 
2 	 736 
2 	 448 
1 	 574 
1 	 326 
1 	 573 
1 	 413 
4 	 1000 
4 	 530 
2 	 833 
2 	 486 
1 	 590 
1 	 359 
1 	 633 
1 	 402 
2 	 880 
2 	 540 
1 	 592 
1 	 424 
1 	 735 
1 	 454 
16 	 1131 
16 	 523 
8 	 1140 
8 	 594 
4 	 1039 
4 	 578 
2 	 919 
2 	 432 
1 	 683 
1 	 395 
1 	 593 
1 	 325 
2 	 793 
2 	 417 
1 	 648 
1 	 387 
1 	 588 
1 	 320 
4 	 977 
4 	 468 
2 	 854 
2 	 419 
1 	 594 
1 	 375 
1 	 671 
1 	 348 
2 	 831 
2 	 480 
1 	 670 
1 	 362 
1 	 662 
1 	 422 
8 	 920 
8 	 611 
4 	 888 
4 	 568 
2 	 840 
2 	 408 
1 	 654 
1 	 392 
1 	 616 
1 	 421 
2 	 850 
2 	 537 
1 	 796 
1 	 459 
1 	 660 
1 	 427 
4 	 922 
4 	 485 
2 	 742 
2 	 397 
1 	 578 
1 	 353 
1 	 598 
1 	 359 
2 	 726 
2 	 357 
1 	 581 
1 	 320 
1 	 550 
1 	 329 
64 	 1064 
64 	 676 
32 	 1105 
32 	 540 
16 	 965 
16 	 487 
8 	 885 
8 	 453 
4 	 798 
4 	 379 
2 	 638 
2 	 351 
1 	 511 
1 	 288 
1 	 589 
1 	 368 
2 	 792 
2 	 439 
1 	 606 
1 	 346 
1 	 620 
1 	 355 
4 	 735 
4 	 374 
2 	 737 
2 	 410 
1 	 598 
1 	 340 
1 	 626 
1 	 368 
2 	 589 
2 	 311 
1 	 523 
1 	 294 
1 	 497 
1 	 277 
8 	 749 
8 	 426 
4 	 739 
4 	 407 
2 	 743 
2 	 350 
1 	 541 
1 	 310 
1 	 685 
1 	 359 
2 	 718 
2 	 380 
1 	 584 
1 	 344 
1 	 532 
1 	 360 
4 	 537 
4 	 394 
2 	 500 
2 	 332 
1 	 396 
1 	 301 
1 	 464 
1 	 323 
2 	 449 
2 	 298 
1 	 392 
1 	 227 
1 	 325 
1 	 267 
16 	 572 
16 	 343 
8 	 547 
8 	 361 
4 	 546 
4 	 294 
2 	 401 
2 	 270 
1 	 308 
1 	 203 
1 	 332 
1 	 246 
2 	 455 
2 	 271 
1 	 431 
1 	 260 
1 	 328 
1 	 238 
4 	 392 
4 	 292 
2 	 376 
2 	 287 
1 	 289 
1 	 230 
1 	 280 
1 	 230 
2 	 375 
2 	 261 
1 	 305 
1 	 217 
1 	 318 
1 	 229 
8 	 525 
8 	 279 
4 	 433 
4 	 251 
2 	 336 
2 	 252 
1 	 289 
1 	 221 
1 	 302 
1 	 236 
2 	 342 
2 	 207 
1 	 282 
1 	 186 
1 	 263 
1 	 194 
4 	 445 
4 	 260 
2 	 366 
2 	 245 
1 	 272 
1 	 229 
1 	 319 
1 	 201 
2 	 374 
2 	 217 
1 	 310 
1 	 183 
1 	 275 
1 	 195 
32 	 804 
32 	 407 
16 	 663 
16 	 380 
8 	 629 
8 	 334 
4 	 458 
4 	 281 
2 	 375 
2 	 246 
1 	 290 
1 	 208 
1 	 253 
1 	 204 
2 	 350 
2 	 200 
1 	 240 
1 	 179 
1 	 246 
1 	 159 
4 	 478 
4 	 248 
2 	 324 
2 	 186 
1 	 269 
1 	 179 
1 	 256 
1 	 154 
2 	 316 
2 	 218 
1 	 254 
1 	 136 
1 	 191 
1 	 145 
8 	 524 
8 	 315 
4 	 431 
4 	 253 
2 	 362 
2 	 215 
1 	 233 
1 	 154 
1 	 267 
1 	 165 
2 	 318 
2 	 172 
1 	 254 
1 	 153 
1 	 222 
1 	 137 
4 	 449 
4 	 218 
2 	 326 
2 	 215 
1 	 222 
1 	 142 
1 	 202 
1 	 122 
2 	 336 
2 	 188 
1 	 241 
1 	 160 
1 	 223 
1 	 139 
16 	 697 
16 	 344 
8 	 630 
8 	 249 
4 	 436 
4 	 189 
2 	 385 
2 	 184 
1 	 282 
1 	 149 
1 	 268 
1 	 148 
2 	 401 
2 	 180 
1 	 267 
1 	 129 
1 	 321 
1 	 153 
4 	 422 
4 	 216 
2 	 298 
2 	 211 
1 	 216 
1 	 143 
1 	 263 
1 	 154 
2 	 326 
2 	 223 
1 	 249 
1 	 152 
1 	 209 
1 	 175 
8 	 537 
8 	 272 
4 	 385 
4 	 212 
2 	 308 
2 	 177 
1 	 211 
1 	 112 
1 	 234 
1 	 153 
2 	 266 
2 	 188 
1 	 201 
1 	 153 
1 	 231 
1 	 144 
4 	 456 
4 	 244 
2 	 337 
2 	 191 
1 	 240 
1 	 138 
1 	 229 
1 	 165 
2 	 333 
2 	 176 
1 	 246 
1 	 140 
1 	 203 
1 	 122 
32 	 735 
32 	 248 
16 	 625 
16 	 283 
8 	 595 
8 	 259 
4 	 564 
4 	 258 
2 	 410 
2 	 217 
1 	 238 
1 	 170 
1 	 272 
1 	 149 
2 	 398 
2 	 223 
1 	 306 
1 	 185 
1 	 335 
1 	 168 
4 	 500 
4 	 230 
2 	 441 
2 	 238 
1 	 363 
1 	 199 
1 	 289 
1 	 158 
2 	 355 
2 	 176 
1 	 249 
1 	 120 
1 	 292 
1 	 153 
8 	 465 
8 	 177 
4 	 466 
4 	 232 
2 	 464 
2 	 209 
1 	 351 
1 	 189 
1 	 353 
1 	 181 
2 	 382 
2 	 207 
1 	 339 
1 	 190 
1 	 272 
1 	 142 
4 	 444 
4 	 182 
2 	 339 
2 	 184 
1 	 246 
1 	 138 
1 	 275 
1 	 154 
2 	 437 
2 	 214 
1 	 324 
1 	 156 
1 	 341 
1 	 155 
8 	 328 
8 	 123 
4 	 401 
4 	 153 
2 	 370 
2 	 141 
1 	 281 
1 	 113 
1 	 230 
1 	 91 
2 	 258 
2 	 85 
1 	 185 
1 	 97 
1 	 146 
1 	 71 
4 	 149 
4 	 70 
2 	 125 
2 	 53 
1 	 127 
1 	 92 
1 	 121 
1 	 38 
2 	 67 
2 	 36 
1 	 95 
1 	 49 
