9 	 0 	 0 	 1 
10 	 87 	 5 	 1 
11 	 781 	 277 	 335 
12 	 507 	 337 	 184 
9 	 0 	 0 	 1 
10 	 87 	 55 	 97 
11 	 781 	 284 	 363 
12 	 507 	 337 	 202 
13 	 381 	 172 	 345 
14 	 325 	 209 	 216 
15 	 255 	 97 	 265 
16 	 243 	 155 	 206 
13 	 381 	 172 	 385 
14 	 325 	 230 	 477 
15 	 255 	 192 	 465 
16 	 243 	 163 	 288 
9 	 0 	 0 	 1 
10 	 87 	 55 	 143 
11 	 781 	 284 	 444 
12 	 507 	 386 	 577 
13 	 381 	 287 	 599 
14 	 325 	 236 	 524 
15 	 255 	 194 	 447 
16 	 243 	 163 	 275 
1 	 0 	 0 	 1 
2 	 0 	 0 	 1 
3 	 0 	 0 	 1 
4 	 0 	 0 	 1 
5 	 0 	 0 	 1 
6 	 0 	 0 	 1 
7 	 0 	 0 	 1 
8 	 0 	 0 	 1 
9 	 0 	 0 	 1 
10 	 87 	 55 	 143 
11 	 781 	 284 	 444 
12 	 507 	 386 	 577 
13 	 381 	 287 	 599 
14 	 325 	 236 	 524 
15 	 255 	 194 	 447 
16 	 243 	 163 	 275 
17 	 281 	 127 	 275 
18 	 289 	 203 	 215 
19 	 317 	 153 	 348 
20 	 309 	 214 	 246 
17 	 281 	 129 	 311 
18 	 289 	 212 	 428 
19 	 317 	 228 	 498 
20 	 309 	 229 	 319 
21 	 306 	 171 	 319 
22 	 331 	 236 	 232 
23 	 359 	 199 	 359 
24 	 359 	 255 	 267 
21 	 306 	 173 	 364 
22 	 331 	 243 	 454 
23 	 359 	 265 	 526 
24 	 359 	 283 	 340 
17 	 281 	 132 	 337 
18 	 289 	 212 	 455 
19 	 317 	 228 	 540 
20 	 309 	 231 	 521 
21 	 306 	 254 	 523 
22 	 331 	 273 	 514 
23 	 359 	 279 	 555 
24 	 359 	 292 	 347 
25 	 365 	 226 	 323 
26 	 367 	 300 	 243 
27 	 367 	 245 	 329 
28 	 374 	 318 	 244 
25 	 365 	 235 	 381 
26 	 367 	 312 	 474 
27 	 367 	 326 	 474 
28 	 374 	 340 	 293 
29 	 366 	 249 	 336 
30 	 386 	 324 	 238 
31 	 404 	 278 	 366 
32 	 415 	 393 	 283 
29 	 366 	 259 	 364 
30 	 386 	 330 	 469 
31 	 404 	 367 	 540 
32 	 415 	 406 	 327 
25 	 365 	 251 	 407 
26 	 367 	 325 	 498 
27 	 367 	 339 	 507 
28 	 374 	 358 	 543 
29 	 366 	 355 	 548 
30 	 386 	 358 	 519 
31 	 404 	 382 	 565 
32 	 415 	 420 	 339 
17 	 281 	 151 	 373 
18 	 289 	 212 	 469 
19 	 317 	 228 	 549 
20 	 309 	 231 	 524 
21 	 306 	 254 	 527 
22 	 331 	 273 	 520 
23 	 359 	 281 	 579 
24 	 359 	 298 	 571 
25 	 365 	 331 	 545 
26 	 367 	 354 	 536 
27 	 367 	 355 	 514 
28 	 374 	 362 	 536 
29 	 366 	 356 	 547 
30 	 386 	 359 	 520 
31 	 404 	 382 	 578 
32 	 415 	 422 	 405 
33 	 395 	 318 	 338 
34 	 397 	 401 	 239 
35 	 405 	 343 	 357 
36 	 369 	 349 	 257 
33 	 395 	 356 	 377 
34 	 397 	 445 	 511 
35 	 405 	 453 	 504 
36 	 369 	 377 	 294 
37 	 362 	 281 	 314 
38 	 362 	 319 	 222 
39 	 366 	 302 	 290 
40 	 359 	 319 	 219 
37 	 362 	 306 	 340 
38 	 362 	 349 	 419 
39 	 366 	 380 	 436 
40 	 359 	 363 	 265 
33 	 395 	 383 	 398 
34 	 397 	 474 	 533 
35 	 405 	 492 	 545 
36 	 369 	 424 	 508 
37 	 362 	 397 	 490 
38 	 362 	 383 	 458 
39 	 366 	 400 	 451 
40 	 359 	 374 	 275 
41 	 347 	 295 	 285 
42 	 352 	 308 	 197 
43 	 378 	 332 	 293 
44 	 364 	 321 	 201 
41 	 347 	 325 	 320 
42 	 352 	 356 	 383 
43 	 378 	 375 	 399 
44 	 364 	 353 	 233 
45 	 361 	 331 	 274 
46 	 360 	 328 	 195 
47 	 387 	 360 	 275 
48 	 352 	 313 	 206 
45 	 361 	 365 	 316 
46 	 360 	 371 	 373 
47 	 387 	 392 	 391 
48 	 352 	 337 	 235 
41 	 347 	 339 	 331 
42 	 352 	 379 	 399 
43 	 378 	 416 	 422 
44 	 364 	 423 	 422 
45 	 361 	 435 	 438 
46 	 360 	 435 	 413 
47 	 387 	 466 	 417 
48 	 352 	 399 	 253 
33 	 395 	 430 	 419 
34 	 397 	 510 	 550 
35 	 405 	 518 	 556 
36 	 369 	 446 	 522 
37 	 362 	 423 	 495 
38 	 362 	 414 	 468 
39 	 366 	 446 	 480 
40 	 359 	 440 	 460 
41 	 347 	 433 	 451 
42 	 352 	 444 	 436 
43 	 378 	 475 	 444 
44 	 364 	 465 	 428 
45 	 361 	 469 	 435 
46 	 360 	 465 	 414 
47 	 387 	 486 	 420 
48 	 352 	 414 	 261 
49 	 346 	 343 	 262 
50 	 366 	 335 	 184 
51 	 382 	 373 	 246 
52 	 356 	 327 	 177 
49 	 346 	 388 	 294 
50 	 366 	 388 	 349 
51 	 382 	 395 	 325 
52 	 356 	 346 	 204 
53 	 346 	 329 	 244 
54 	 353 	 317 	 168 
55 	 372 	 345 	 252 
56 	 381 	 338 	 183 
53 	 346 	 380 	 280 
54 	 353 	 370 	 317 
55 	 372 	 361 	 333 
56 	 381 	 357 	 213 
49 	 346 	 399 	 304 
50 	 366 	 427 	 370 
51 	 382 	 460 	 357 
52 	 356 	 443 	 381 
53 	 346 	 419 	 386 
54 	 353 	 406 	 352 
55 	 372 	 390 	 355 
56 	 381 	 379 	 238 
57 	 376 	 349 	 244 
58 	 380 	 357 	 184 
59 	 393 	 381 	 275 
60 	 416 	 385 	 212 
57 	 376 	 406 	 292 
58 	 380 	 415 	 375 
59 	 393 	 404 	 375 
60 	 416 	 402 	 250 
61 	 394 	 380 	 282 
62 	 378 	 350 	 184 
63 	 396 	 371 	 275 
64 	 412 	 382 	 207 
61 	 394 	 416 	 324 
62 	 378 	 389 	 333 
63 	 396 	 395 	 374 
64 	 412 	 400 	 238 
57 	 376 	 450 	 305 
58 	 380 	 476 	 401 
59 	 393 	 483 	 410 
60 	 416 	 494 	 470 
61 	 394 	 448 	 449 
62 	 378 	 417 	 376 
63 	 396 	 415 	 401 
64 	 412 	 419 	 264 
49 	 346 	 415 	 320 
50 	 366 	 444 	 379 
51 	 382 	 479 	 367 
52 	 356 	 464 	 383 
53 	 346 	 443 	 396 
54 	 353 	 460 	 376 
55 	 372 	 475 	 386 
56 	 381 	 499 	 389 
57 	 376 	 485 	 398 
58 	 380 	 505 	 428 
59 	 393 	 505 	 430 
60 	 416 	 514 	 487 
61 	 394 	 469 	 452 
62 	 378 	 434 	 381 
63 	 396 	 432 	 406 
64 	 412 	 431 	 308 
65 	 375 	 352 	 237 
66 	 355 	 344 	 193 
67 	 374 	 358 	 246 
68 	 378 	 359 	 202 
65 	 375 	 367 	 285 
66 	 355 	 355 	 332 
67 	 374 	 374 	 340 
68 	 378 	 370 	 238 
69 	 345 	 332 	 188 
70 	 343 	 329 	 178 
71 	 342 	 329 	 218 
72 	 368 	 344 	 172 
69 	 345 	 362 	 245 
70 	 343 	 346 	 302 
71 	 342 	 330 	 306 
72 	 368 	 345 	 211 
65 	 375 	 417 	 325 
66 	 355 	 407 	 362 
67 	 374 	 428 	 363 
68 	 378 	 409 	 404 
69 	 345 	 378 	 344 
70 	 343 	 362 	 349 
71 	 342 	 349 	 333 
72 	 368 	 371 	 263 
73 	 341 	 327 	 206 
74 	 339 	 320 	 163 
75 	 343 	 324 	 218 
76 	 384 	 363 	 167 
73 	 341 	 360 	 251 
74 	 339 	 343 	 311 
75 	 343 	 328 	 317 
76 	 384 	 370 	 210 
77 	 340 	 327 	 203 
78 	 345 	 322 	 171 
79 	 341 	 335 	 213 
80 	 365 	 343 	 165 
77 	 340 	 344 	 237 
78 	 345 	 340 	 301 
79 	 341 	 342 	 335 
80 	 365 	 350 	 207 
73 	 341 	 395 	 254 
74 	 339 	 385 	 333 
75 	 343 	 371 	 353 
76 	 384 	 408 	 389 
77 	 340 	 366 	 385 
78 	 345 	 363 	 352 
79 	 341 	 373 	 360 
80 	 365 	 389 	 224 
65 	 375 	 453 	 385 
66 	 355 	 436 	 375 
67 	 374 	 466 	 383 
68 	 378 	 465 	 410 
69 	 345 	 443 	 364 
70 	 343 	 431 	 369 
71 	 342 	 424 	 357 
72 	 368 	 445 	 389 
73 	 341 	 421 	 386 
74 	 339 	 419 	 377 
75 	 343 	 404 	 369 
76 	 384 	 444 	 423 
77 	 340 	 394 	 392 
78 	 345 	 386 	 359 
79 	 341 	 392 	 360 
80 	 365 	 403 	 234 
81 	 338 	 327 	 193 
82 	 331 	 319 	 170 
83 	 331 	 314 	 193 
84 	 350 	 333 	 154 
81 	 338 	 345 	 220 
82 	 331 	 334 	 276 
83 	 331 	 324 	 308 
84 	 350 	 341 	 189 
85 	 343 	 333 	 183 
86 	 340 	 323 	 178 
87 	 332 	 319 	 182 
88 	 354 	 341 	 134 
85 	 343 	 346 	 216 
86 	 340 	 334 	 300 
87 	 332 	 327 	 286 
88 	 354 	 348 	 176 
81 	 338 	 376 	 241 
82 	 331 	 363 	 293 
83 	 331 	 355 	 337 
84 	 350 	 370 	 342 
85 	 343 	 364 	 325 
86 	 340 	 352 	 344 
87 	 332 	 348 	 315 
88 	 354 	 376 	 192 
89 	 339 	 324 	 203 
90 	 328 	 320 	 151 
91 	 340 	 323 	 189 
92 	 337 	 327 	 140 
89 	 339 	 342 	 232 
90 	 328 	 334 	 271 
91 	 340 	 335 	 284 
92 	 337 	 340 	 172 
93 	 377 	 359 	 242 
94 	 345 	 337 	 202 
95 	 337 	 324 	 193 
96 	 348 	 336 	 149 
93 	 377 	 369 	 274 
94 	 345 	 347 	 337 
95 	 337 	 335 	 306 
96 	 348 	 346 	 180 
89 	 339 	 369 	 259 
90 	 328 	 361 	 289 
91 	 340 	 363 	 325 
92 	 337 	 364 	 311 
93 	 377 	 391 	 381 
94 	 345 	 371 	 370 
95 	 337 	 361 	 326 
96 	 348 	 374 	 191 
81 	 338 	 410 	 255 
82 	 331 	 402 	 299 
83 	 331 	 397 	 352 
84 	 350 	 423 	 356 
85 	 343 	 419 	 342 
86 	 340 	 404 	 362 
87 	 332 	 401 	 349 
88 	 354 	 440 	 359 
89 	 339 	 418 	 367 
90 	 328 	 407 	 329 
91 	 340 	 414 	 345 
92 	 337 	 414 	 327 
93 	 377 	 444 	 391 
94 	 345 	 418 	 381 
95 	 337 	 403 	 330 
96 	 348 	 413 	 200 
97 	 362 	 352 	 186 
98 	 334 	 328 	 167 
99 	 343 	 334 	 174 
100 	 340 	 323 	 146 
97 	 362 	 356 	 215 
98 	 334 	 334 	 264 
99 	 343 	 346 	 268 
100 	 340 	 338 	 170 
101 	 357 	 338 	 200 
102 	 326 	 320 	 147 
103 	 332 	 320 	 146 
104 	 335 	 320 	 129 
101 	 357 	 346 	 227 
102 	 326 	 327 	 229 
103 	 332 	 329 	 217 
104 	 335 	 330 	 153 
97 	 362 	 374 	 234 
98 	 334 	 351 	 281 
99 	 343 	 361 	 293 
100 	 340 	 353 	 268 
101 	 357 	 369 	 321 
102 	 326 	 346 	 255 
103 	 332 	 351 	 238 
104 	 335 	 353 	 172 
105 	 386 	 367 	 218 
106 	 343 	 328 	 149 
107 	 347 	 342 	 191 
108 	 354 	 334 	 132 
105 	 386 	 384 	 251 
106 	 343 	 341 	 256 
107 	 347 	 355 	 270 
108 	 354 	 345 	 162 
109 	 389 	 370 	 235 
110 	 383 	 366 	 133 
111 	 389 	 376 	 245 
112 	 413 	 387 	 181 
109 	 389 	 392 	 276 
110 	 383 	 393 	 318 
111 	 389 	 394 	 345 
112 	 413 	 403 	 202 
105 	 386 	 409 	 281 
106 	 343 	 363 	 280 
107 	 347 	 381 	 285 
108 	 354 	 380 	 314 
109 	 389 	 413 	 364 
110 	 383 	 413 	 343 
111 	 389 	 418 	 362 
112 	 413 	 430 	 225 
97 	 362 	 413 	 271 
98 	 334 	 390 	 292 
99 	 343 	 399 	 311 
100 	 340 	 392 	 289 
101 	 357 	 415 	 344 
102 	 326 	 391 	 285 
103 	 332 	 398 	 266 
104 	 335 	 401 	 282 
105 	 386 	 456 	 365 
106 	 343 	 405 	 303 
107 	 347 	 423 	 300 
108 	 354 	 424 	 325 
109 	 389 	 461 	 377 
110 	 383 	 455 	 369 
111 	 389 	 468 	 365 
112 	 413 	 482 	 240 
113 	 460 	 425 	 311 
114 	 450 	 407 	 200 
115 	 478 	 415 	 320 
116 	 570 	 507 	 215 
113 	 460 	 442 	 343 
114 	 450 	 436 	 413 
115 	 478 	 448 	 469 
116 	 570 	 563 	 258 
117 	 680 	 563 	 514 
118 	 695 	 722 	 301 
119 	 1064 	 964 	 647 
120 	 1058 	 1147 	 359 
117 	 680 	 572 	 545 
118 	 695 	 743 	 666 
119 	 1064 	 1176 	 878 
120 	 1058 	 1253 	 411 
113 	 460 	 451 	 359 
114 	 450 	 448 	 433 
115 	 478 	 467 	 490 
116 	 570 	 591 	 616 
117 	 680 	 741 	 703 
118 	 695 	 852 	 721 
119 	 1064 	 1259 	 903 
120 	 1058 	 1298 	 431 
121 	 792 	 717 	 568 
122 	 703 	 760 	 330 
123 	 692 	 582 	 478 
124 	 734 	 647 	 317 
121 	 792 	 736 	 608 
122 	 703 	 789 	 682 
123 	 692 	 830 	 688 
124 	 734 	 782 	 398 
125 	 771 	 585 	 496 
126 	 732 	 699 	 313 
127 	 716 	 602 	 455 
128 	 732 	 722 	 289 
125 	 771 	 611 	 544 
126 	 732 	 758 	 652 
127 	 716 	 779 	 646 
128 	 732 	 790 	 348 
121 	 792 	 748 	 646 
122 	 703 	 807 	 709 
123 	 692 	 858 	 734 
124 	 734 	 825 	 755 
125 	 771 	 811 	 729 
126 	 732 	 827 	 705 
127 	 716 	 802 	 670 
128 	 732 	 811 	 386 
113 	 460 	 452 	 368 
114 	 450 	 450 	 446 
115 	 478 	 469 	 508 
116 	 570 	 594 	 630 
117 	 680 	 744 	 734 
118 	 695 	 864 	 747 
119 	 1064 	 1282 	 953 
120 	 1058 	 1344 	 928 
121 	 792 	 1242 	 920 
122 	 703 	 1324 	 783 
123 	 692 	 1098 	 768 
124 	 734 	 961 	 780 
125 	 771 	 872 	 751 
126 	 732 	 888 	 725 
127 	 716 	 861 	 695 
128 	 732 	 869 	 430 
129 	 724 	 642 	 494 
130 	 727 	 678 	 324 
131 	 685 	 616 	 498 
132 	 679 	 621 	 305 
129 	 724 	 688 	 530 
130 	 727 	 720 	 709 
131 	 685 	 703 	 735 
132 	 679 	 722 	 362 
133 	 647 	 603 	 420 
134 	 711 	 652 	 299 
135 	 670 	 621 	 416 
136 	 681 	 629 	 281 
133 	 647 	 640 	 462 
134 	 711 	 678 	 678 
135 	 670 	 662 	 624 
136 	 681 	 666 	 330 
129 	 724 	 745 	 560 
130 	 727 	 799 	 738 
131 	 685 	 800 	 789 
132 	 679 	 819 	 695 
133 	 647 	 779 	 656 
134 	 711 	 812 	 724 
135 	 670 	 774 	 647 
136 	 681 	 753 	 357 
137 	 744 	 693 	 479 
138 	 784 	 745 	 297 
139 	 755 	 723 	 515 
140 	 765 	 739 	 360 
137 	 744 	 721 	 542 
138 	 784 	 785 	 685 
139 	 755 	 829 	 746 
140 	 765 	 817 	 422 
141 	 825 	 798 	 624 
142 	 891 	 888 	 364 
143 	 1021 	 1064 	 683 
144 	 1049 	 1017 	 440 
141 	 825 	 1050 	 669 
142 	 891 	 1090 	 873 
143 	 1021 	 1160 	 960 
144 	 1049 	 1055 	 523 
137 	 744 	 852 	 579 
138 	 784 	 941 	 724 
139 	 755 	 1004 	 804 
140 	 765 	 1089 	 822 
141 	 825 	 1166 	 922 
142 	 891 	 1165 	 926 
143 	 1021 	 1180 	 992 
144 	 1049 	 1068 	 564 
129 	 724 	 771 	 583 
130 	 727 	 829 	 764 
131 	 685 	 839 	 813 
132 	 679 	 879 	 716 
133 	 647 	 894 	 685 
134 	 711 	 941 	 760 
135 	 670 	 927 	 703 
136 	 681 	 930 	 678 
137 	 744 	 1002 	 800 
138 	 784 	 1085 	 777 
139 	 755 	 1114 	 829 
140 	 765 	 1180 	 842 
141 	 825 	 1261 	 944 
142 	 891 	 1265 	 945 
143 	 1021 	 1280 	 1010 
144 	 1049 	 1174 	 636 
145 	 942 	 952 	 716 
146 	 933 	 910 	 401 
147 	 880 	 870 	 606 
148 	 856 	 808 	 381 
145 	 942 	 1058 	 755 
146 	 933 	 1029 	 935 
147 	 880 	 953 	 865 
148 	 856 	 878 	 443 
149 	 868 	 855 	 657 
150 	 879 	 835 	 366 
151 	 867 	 844 	 598 
152 	 847 	 815 	 412 
149 	 868 	 949 	 711 
150 	 879 	 935 	 874 
151 	 867 	 890 	 876 
152 	 847 	 874 	 476 
145 	 942 	 1155 	 794 
146 	 933 	 1156 	 974 
147 	 880 	 1118 	 923 
148 	 856 	 1060 	 929 
149 	 868 	 1047 	 978 
150 	 879 	 1022 	 945 
151 	 867 	 960 	 917 
152 	 847 	 925 	 501 
153 	 872 	 835 	 673 
154 	 926 	 863 	 424 
155 	 847 	 790 	 581 
156 	 864 	 807 	 438 
153 	 872 	 920 	 716 
154 	 926 	 936 	 931 
155 	 847 	 841 	 847 
156 	 864 	 868 	 515 
157 	 858 	 806 	 573 
158 	 905 	 858 	 408 
159 	 842 	 788 	 546 
160 	 849 	 798 	 398 
157 	 858 	 856 	 627 
158 	 905 	 890 	 825 
159 	 842 	 826 	 761 
160 	 849 	 843 	 493 
153 	 872 	 985 	 760 
154 	 926 	 1026 	 974 
155 	 847 	 964 	 921 
156 	 864 	 978 	 928 
157 	 858 	 952 	 925 
158 	 905 	 994 	 896 
159 	 842 	 920 	 819 
160 	 849 	 929 	 558 
145 	 942 	 1225 	 823 
146 	 933 	 1229 	 999 
147 	 880 	 1209 	 938 
148 	 856 	 1183 	 945 
149 	 868 	 1209 	 1004 
150 	 879 	 1214 	 988 
151 	 867 	 1162 	 986 
152 	 847 	 1122 	 971 
153 	 872 	 1111 	 1028 
154 	 926 	 1135 	 1051 
155 	 847 	 1055 	 961 
156 	 864 	 1039 	 964 
157 	 858 	 1002 	 947 
158 	 905 	 1058 	 928 
159 	 842 	 986 	 844 
160 	 849 	 1002 	 606 
161 	 852 	 797 	 518 
162 	 863 	 796 	 392 
163 	 894 	 815 	 562 
164 	 846 	 786 	 429 
161 	 852 	 816 	 585 
162 	 863 	 831 	 775 
163 	 894 	 875 	 793 
164 	 846 	 856 	 527 
165 	 854 	 771 	 506 
166 	 841 	 774 	 366 
167 	 867 	 787 	 521 
168 	 839 	 763 	 389 
165 	 854 	 788 	 579 
166 	 841 	 794 	 678 
167 	 867 	 819 	 706 
168 	 839 	 797 	 468 
161 	 852 	 837 	 638 
162 	 863 	 852 	 828 
163 	 894 	 908 	 867 
164 	 846 	 900 	 882 
165 	 854 	 892 	 786 
166 	 841 	 892 	 765 
167 	 867 	 913 	 773 
168 	 839 	 882 	 530 
169 	 821 	 756 	 429 
170 	 826 	 753 	 321 
171 	 843 	 779 	 464 
172 	 819 	 744 	 346 
169 	 821 	 782 	 523 
170 	 826 	 781 	 618 
171 	 843 	 808 	 626 
172 	 819 	 769 	 407 
173 	 819 	 742 	 440 
174 	 818 	 742 	 354 
175 	 849 	 768 	 476 
176 	 835 	 755 	 327 
173 	 819 	 767 	 512 
174 	 818 	 770 	 626 
175 	 849 	 786 	 619 
176 	 835 	 775 	 416 
169 	 821 	 821 	 563 
170 	 826 	 819 	 664 
171 	 843 	 847 	 719 
172 	 819 	 809 	 701 
173 	 819 	 805 	 705 
174 	 818 	 810 	 698 
175 	 849 	 833 	 680 
176 	 835 	 846 	 479 
161 	 852 	 882 	 660 
162 	 863 	 897 	 852 
163 	 894 	 956 	 889 
164 	 846 	 954 	 908 
165 	 854 	 945 	 816 
166 	 841 	 950 	 813 
167 	 867 	 973 	 854 
168 	 839 	 934 	 828 
169 	 821 	 950 	 756 
170 	 826 	 956 	 756 
171 	 843 	 1015 	 791 
172 	 819 	 986 	 754 
173 	 819 	 998 	 750 
174 	 818 	 1019 	 743 
175 	 849 	 1038 	 722 
176 	 835 	 1045 	 544 
177 	 808 	 735 	 390 
178 	 811 	 734 	 311 
179 	 851 	 759 	 467 
180 	 819 	 724 	 343 
177 	 808 	 774 	 479 
178 	 811 	 773 	 576 
179 	 851 	 768 	 614 
180 	 819 	 737 	 405 
181 	 805 	 709 	 406 
182 	 834 	 724 	 298 
183 	 853 	 754 	 472 
184 	 841 	 736 	 356 
181 	 805 	 737 	 486 
182 	 834 	 754 	 596 
183 	 853 	 771 	 594 
184 	 841 	 759 	 403 
177 	 808 	 818 	 513 
178 	 811 	 812 	 625 
179 	 851 	 813 	 704 
180 	 819 	 786 	 658 
181 	 805 	 766 	 675 
182 	 834 	 796 	 673 
183 	 853 	 828 	 660 
184 	 841 	 840 	 462 
185 	 827 	 733 	 421 
186 	 802 	 692 	 328 
187 	 852 	 733 	 472 
188 	 830 	 728 	 352 
185 	 827 	 758 	 504 
186 	 802 	 725 	 606 
187 	 852 	 752 	 601 
188 	 830 	 747 	 407 
189 	 818 	 718 	 386 
190 	 823 	 711 	 311 
191 	 846 	 739 	 432 
192 	 831 	 716 	 322 
189 	 818 	 742 	 451 
190 	 823 	 741 	 575 
191 	 846 	 752 	 582 
192 	 831 	 729 	 373 
185 	 827 	 784 	 541 
186 	 802 	 755 	 638 
187 	 852 	 785 	 683 
188 	 830 	 786 	 711 
189 	 818 	 778 	 632 
190 	 823 	 777 	 630 
191 	 846 	 809 	 626 
192 	 831 	 802 	 417 
177 	 808 	 876 	 547 
178 	 811 	 874 	 641 
179 	 851 	 885 	 729 
180 	 819 	 855 	 696 
181 	 805 	 832 	 715 
182 	 834 	 860 	 720 
183 	 853 	 898 	 747 
184 	 841 	 915 	 742 
185 	 827 	 904 	 732 
186 	 802 	 904 	 705 
187 	 852 	 949 	 731 
188 	 830 	 964 	 755 
189 	 818 	 950 	 663 
190 	 823 	 953 	 654 
191 	 846 	 982 	 650 
192 	 831 	 958 	 453 
193 	 817 	 715 	 350 
194 	 818 	 721 	 313 
195 	 839 	 746 	 412 
196 	 820 	 732 	 308 
193 	 817 	 730 	 418 
194 	 818 	 734 	 561 
195 	 839 	 760 	 540 
196 	 820 	 747 	 362 
197 	 802 	 732 	 353 
198 	 797 	 721 	 291 
199 	 814 	 746 	 359 
200 	 844 	 765 	 296 
197 	 802 	 749 	 419 
198 	 797 	 736 	 502 
199 	 814 	 754 	 482 
200 	 844 	 774 	 340 
193 	 817 	 748 	 451 
194 	 818 	 756 	 598 
195 	 839 	 784 	 620 
196 	 820 	 772 	 607 
197 	 802 	 771 	 599 
198 	 797 	 758 	 563 
199 	 814 	 785 	 522 
200 	 844 	 817 	 393 
201 	 805 	 737 	 371 
202 	 810 	 751 	 282 
203 	 819 	 771 	 372 
204 	 835 	 781 	 282 
201 	 805 	 756 	 434 
202 	 810 	 768 	 528 
203 	 819 	 790 	 532 
204 	 835 	 801 	 338 
205 	 808 	 757 	 368 
206 	 816 	 763 	 289 
207 	 801 	 752 	 349 
208 	 836 	 778 	 263 
205 	 808 	 777 	 428 
206 	 816 	 787 	 514 
207 	 801 	 775 	 500 
208 	 836 	 803 	 330 
201 	 805 	 794 	 478 
202 	 810 	 807 	 570 
203 	 819 	 830 	 592 
204 	 835 	 844 	 623 
205 	 808 	 816 	 614 
206 	 816 	 826 	 576 
207 	 801 	 821 	 559 
208 	 836 	 847 	 379 
193 	 817 	 803 	 486 
194 	 818 	 811 	 628 
195 	 839 	 842 	 644 
196 	 820 	 838 	 634 
197 	 802 	 835 	 632 
198 	 797 	 820 	 604 
199 	 814 	 848 	 587 
200 	 844 	 881 	 686 
201 	 805 	 863 	 675 
202 	 810 	 891 	 638 
203 	 819 	 926 	 659 
204 	 835 	 962 	 659 
205 	 808 	 936 	 643 
206 	 816 	 951 	 605 
207 	 801 	 934 	 573 
208 	 836 	 955 	 419 
209 	 809 	 752 	 376 
210 	 827 	 770 	 288 
211 	 835 	 765 	 412 
212 	 866 	 795 	 283 
209 	 809 	 766 	 445 
210 	 827 	 787 	 552 
211 	 835 	 790 	 570 
212 	 866 	 815 	 333 
213 	 835 	 780 	 396 
214 	 830 	 792 	 305 
215 	 846 	 815 	 415 
216 	 881 	 820 	 288 
213 	 835 	 808 	 465 
214 	 830 	 815 	 563 
215 	 846 	 836 	 578 
216 	 881 	 842 	 344 
209 	 809 	 793 	 482 
210 	 827 	 815 	 591 
211 	 835 	 813 	 603 
212 	 866 	 837 	 648 
213 	 835 	 840 	 647 
214 	 830 	 849 	 624 
215 	 846 	 875 	 613 
216 	 881 	 884 	 402 
217 	 838 	 780 	 419 
218 	 827 	 771 	 316 
219 	 825 	 766 	 422 
220 	 870 	 798 	 303 
217 	 838 	 798 	 481 
218 	 827 	 788 	 587 
219 	 825 	 790 	 583 
220 	 870 	 823 	 375 
221 	 830 	 767 	 404 
222 	 832 	 753 	 285 
223 	 834 	 766 	 387 
224 	 868 	 805 	 299 
221 	 830 	 795 	 466 
222 	 832 	 780 	 567 
223 	 834 	 791 	 545 
224 	 868 	 826 	 363 
217 	 838 	 840 	 511 
218 	 827 	 828 	 630 
219 	 825 	 833 	 631 
220 	 870 	 869 	 713 
221 	 830 	 835 	 654 
222 	 832 	 823 	 627 
223 	 834 	 842 	 594 
224 	 868 	 883 	 421 
209 	 809 	 837 	 521 
210 	 827 	 860 	 618 
211 	 835 	 858 	 630 
212 	 866 	 886 	 670 
213 	 835 	 885 	 682 
214 	 830 	 894 	 663 
215 	 846 	 920 	 663 
216 	 881 	 928 	 704 
217 	 838 	 910 	 709 
218 	 827 	 902 	 704 
219 	 825 	 919 	 675 
220 	 870 	 961 	 746 
221 	 830 	 939 	 679 
222 	 832 	 932 	 651 
223 	 834 	 943 	 620 
224 	 868 	 976 	 460 
225 	 823 	 751 	 398 
226 	 822 	 752 	 288 
227 	 818 	 748 	 374 
228 	 846 	 778 	 289 
225 	 823 	 777 	 462 
226 	 822 	 777 	 522 
227 	 818 	 778 	 547 
228 	 846 	 809 	 358 
229 	 824 	 749 	 400 
230 	 832 	 770 	 269 
231 	 820 	 745 	 424 
232 	 853 	 771 	 282 
229 	 824 	 761 	 446 
230 	 832 	 781 	 533 
231 	 820 	 761 	 605 
232 	 853 	 791 	 350 
225 	 823 	 796 	 500 
226 	 822 	 795 	 557 
227 	 818 	 797 	 594 
228 	 846 	 829 	 635 
229 	 824 	 816 	 620 
230 	 832 	 834 	 596 
231 	 820 	 814 	 653 
232 	 853 	 855 	 393 
233 	 811 	 728 	 388 
234 	 816 	 742 	 291 
235 	 818 	 737 	 343 
236 	 832 	 746 	 250 
233 	 811 	 737 	 435 
234 	 816 	 752 	 554 
235 	 818 	 768 	 500 
236 	 832 	 778 	 307 
237 	 864 	 752 	 431 
238 	 822 	 729 	 306 
239 	 812 	 701 	 368 
240 	 822 	 714 	 272 
237 	 864 	 771 	 482 
238 	 822 	 752 	 538 
239 	 812 	 729 	 560 
240 	 822 	 743 	 337 
233 	 811 	 770 	 473 
234 	 816 	 787 	 594 
235 	 818 	 803 	 558 
236 	 832 	 817 	 555 
237 	 864 	 831 	 674 
238 	 822 	 818 	 595 
239 	 812 	 795 	 594 
240 	 822 	 808 	 381 
225 	 823 	 821 	 530 
226 	 822 	 827 	 579 
227 	 818 	 831 	 620 
228 	 846 	 868 	 660 
229 	 824 	 855 	 657 
230 	 832 	 878 	 638 
231 	 820 	 855 	 710 
232 	 853 	 901 	 684 
233 	 811 	 867 	 677 
234 	 816 	 893 	 670 
235 	 818 	 922 	 605 
236 	 832 	 932 	 595 
237 	 864 	 944 	 702 
238 	 822 	 923 	 617 
239 	 812 	 891 	 610 
240 	 822 	 909 	 401 
241 	 845 	 732 	 432 
242 	 822 	 725 	 334 
243 	 835 	 717 	 390 
244 	 844 	 719 	 292 
241 	 845 	 761 	 464 
242 	 822 	 748 	 600 
243 	 835 	 738 	 562 
244 	 844 	 740 	 342 
245 	 863 	 723 	 434 
246 	 819 	 699 	 331 
247 	 824 	 713 	 407 
248 	 828 	 715 	 296 
245 	 863 	 758 	 481 
246 	 819 	 729 	 586 
247 	 824 	 747 	 591 
248 	 828 	 756 	 364 
241 	 845 	 795 	 499 
242 	 822 	 789 	 636 
243 	 835 	 784 	 617 
244 	 844 	 790 	 614 
245 	 863 	 808 	 652 
246 	 819 	 786 	 639 
247 	 824 	 805 	 622 
248 	 828 	 822 	 403 
249 	 863 	 730 	 449 
250 	 836 	 727 	 315 
251 	 825 	 718 	 344 
252 	 833 	 728 	 277 
249 	 863 	 753 	 494 
250 	 836 	 753 	 588 
251 	 825 	 743 	 515 
252 	 833 	 755 	 331 
253 	 868 	 750 	 431 
254 	 830 	 727 	 310 
255 	 845 	 744 	 406 
256 	 851 	 743 	 321 
253 	 868 	 772 	 500 
254 	 830 	 749 	 598 
255 	 845 	 784 	 598 
256 	 851 	 777 	 386 
249 	 863 	 788 	 531 
250 	 836 	 787 	 633 
251 	 825 	 779 	 579 
252 	 833 	 791 	 593 
253 	 868 	 823 	 686 
254 	 830 	 800 	 665 
255 	 845 	 835 	 634 
256 	 851 	 819 	 438 
241 	 845 	 872 	 521 
242 	 822 	 858 	 659 
243 	 835 	 853 	 639 
244 	 844 	 852 	 641 
245 	 863 	 869 	 686 
246 	 819 	 851 	 679 
247 	 824 	 874 	 677 
248 	 828 	 894 	 690 
249 	 863 	 909 	 715 
250 	 836 	 910 	 696 
251 	 825 	 912 	 614 
252 	 833 	 924 	 628 
253 	 868 	 964 	 704 
254 	 830 	 939 	 687 
255 	 845 	 968 	 650 
256 	 851 	 943 	 458 
257 	 859 	 737 	 410 
258 	 838 	 742 	 291 
259 	 839 	 730 	 363 
260 	 837 	 744 	 324 
257 	 859 	 765 	 472 
258 	 838 	 767 	 516 
259 	 839 	 769 	 544 
260 	 837 	 783 	 387 
261 	 867 	 747 	 403 
262 	 858 	 748 	 287 
263 	 847 	 744 	 396 
264 	 854 	 742 	 298 
261 	 867 	 766 	 457 
262 	 858 	 766 	 566 
263 	 847 	 789 	 588 
264 	 854 	 781 	 360 
257 	 859 	 799 	 511 
258 	 838 	 802 	 559 
259 	 839 	 804 	 613 
260 	 837 	 822 	 638 
261 	 867 	 837 	 619 
262 	 858 	 826 	 623 
263 	 847 	 835 	 625 
264 	 854 	 818 	 392 
265 	 862 	 753 	 423 
266 	 849 	 756 	 340 
267 	 856 	 763 	 422 
268 	 842 	 741 	 295 
265 	 862 	 770 	 476 
266 	 849 	 774 	 635 
267 	 856 	 807 	 584 
268 	 842 	 786 	 373 
269 	 848 	 759 	 392 
270 	 870 	 768 	 310 
271 	 826 	 732 	 382 
272 	 832 	 733 	 307 
269 	 848 	 789 	 437 
270 	 870 	 799 	 614 
271 	 826 	 760 	 572 
272 	 832 	 758 	 377 
265 	 862 	 805 	 509 
266 	 849 	 812 	 671 
267 	 856 	 846 	 635 
268 	 842 	 830 	 639 
269 	 848 	 842 	 625 
270 	 870 	 856 	 670 
271 	 826 	 818 	 610 
272 	 832 	 815 	 429 
257 	 859 	 857 	 536 
258 	 838 	 862 	 578 
259 	 839 	 866 	 633 
260 	 837 	 884 	 663 
261 	 867 	 908 	 650 
262 	 858 	 894 	 667 
263 	 847 	 896 	 685 
264 	 854 	 879 	 692 
265 	 862 	 907 	 700 
266 	 849 	 904 	 724 
267 	 856 	 928 	 675 
268 	 842 	 920 	 679 
269 	 848 	 940 	 653 
270 	 870 	 957 	 689 
271 	 826 	 924 	 632 
272 	 832 	 930 	 459 
273 	 833 	 737 	 392 
274 	 862 	 773 	 276 
275 	 844 	 746 	 390 
276 	 833 	 758 	 311 
273 	 833 	 770 	 438 
274 	 862 	 807 	 573 
275 	 844 	 774 	 576 
276 	 833 	 785 	 392 
277 	 852 	 763 	 436 
278 	 877 	 783 	 294 
279 	 856 	 766 	 417 
280 	 847 	 782 	 337 
277 	 852 	 788 	 486 
278 	 877 	 809 	 590 
279 	 856 	 797 	 622 
280 	 847 	 811 	 408 
273 	 833 	 816 	 474 
274 	 862 	 860 	 625 
275 	 844 	 829 	 658 
276 	 833 	 836 	 652 
277 	 852 	 847 	 671 
278 	 877 	 869 	 661 
279 	 856 	 858 	 658 
280 	 847 	 871 	 451 
281 	 838 	 768 	 367 
282 	 869 	 782 	 312 
283 	 845 	 775 	 387 
284 	 860 	 771 	 300 
281 	 838 	 798 	 425 
282 	 869 	 805 	 578 
283 	 845 	 804 	 602 
284 	 860 	 796 	 373 
285 	 847 	 766 	 381 
286 	 863 	 779 	 305 
287 	 845 	 758 	 412 
288 	 865 	 778 	 315 
285 	 847 	 796 	 428 
286 	 863 	 799 	 613 
287 	 845 	 786 	 634 
288 	 865 	 814 	 384 
281 	 838 	 850 	 456 
282 	 869 	 874 	 620 
283 	 845 	 871 	 680 
284 	 860 	 858 	 679 
285 	 847 	 839 	 623 
286 	 863 	 848 	 677 
287 	 845 	 841 	 670 
288 	 865 	 868 	 425 
273 	 833 	 885 	 490 
274 	 862 	 943 	 636 
275 	 844 	 909 	 670 
276 	 833 	 916 	 676 
277 	 852 	 927 	 697 
278 	 877 	 960 	 724 
279 	 856 	 944 	 731 
280 	 847 	 978 	 730 
281 	 838 	 957 	 685 
282 	 869 	 982 	 698 
283 	 845 	 980 	 719 
284 	 860 	 967 	 716 
285 	 847 	 947 	 648 
286 	 863 	 965 	 698 
287 	 845 	 951 	 694 
288 	 865 	 976 	 454 
289 	 868 	 773 	 370 
290 	 868 	 767 	 301 
291 	 862 	 762 	 372 
292 	 857 	 753 	 302 
289 	 868 	 798 	 430 
290 	 868 	 797 	 540 
291 	 862 	 783 	 578 
292 	 857 	 782 	 363 
293 	 865 	 765 	 431 
294 	 899 	 789 	 284 
295 	 866 	 767 	 413 
296 	 862 	 742 	 297 
293 	 865 	 802 	 491 
294 	 899 	 830 	 624 
295 	 866 	 800 	 604 
296 	 862 	 784 	 359 
289 	 868 	 854 	 480 
290 	 868 	 855 	 619 
291 	 862 	 843 	 661 
292 	 857 	 851 	 632 
293 	 865 	 860 	 687 
294 	 899 	 887 	 678 
295 	 866 	 847 	 639 
296 	 862 	 836 	 393 
297 	 872 	 763 	 429 
298 	 918 	 811 	 278 
299 	 880 	 768 	 457 
300 	 891 	 791 	 294 
297 	 872 	 803 	 491 
298 	 918 	 856 	 664 
299 	 880 	 817 	 666 
300 	 891 	 834 	 349 
301 	 899 	 801 	 483 
302 	 937 	 832 	 293 
303 	 926 	 834 	 532 
304 	 897 	 800 	 317 
301 	 899 	 852 	 546 
302 	 937 	 885 	 696 
303 	 926 	 879 	 700 
304 	 897 	 840 	 362 
297 	 872 	 864 	 522 
298 	 918 	 927 	 711 
299 	 880 	 893 	 745 
300 	 891 	 927 	 701 
301 	 899 	 943 	 740 
302 	 937 	 962 	 750 
303 	 926 	 949 	 731 
304 	 897 	 907 	 395 
289 	 868 	 960 	 511 
290 	 868 	 954 	 637 
291 	 862 	 930 	 681 
292 	 857 	 929 	 648 
293 	 865 	 934 	 716 
294 	 899 	 974 	 728 
295 	 866 	 939 	 712 
296 	 862 	 942 	 694 
297 	 872 	 970 	 714 
298 	 918 	 1042 	 782 
299 	 880 	 1016 	 792 
300 	 891 	 1046 	 731 
301 	 899 	 1057 	 754 
302 	 937 	 1067 	 772 
303 	 926 	 1048 	 752 
304 	 897 	 993 	 438 
305 	 910 	 837 	 503 
306 	 951 	 843 	 303 
307 	 954 	 852 	 598 
308 	 935 	 825 	 339 
305 	 910 	 880 	 570 
306 	 951 	 886 	 771 
307 	 954 	 889 	 807 
308 	 935 	 867 	 393 
309 	 947 	 833 	 512 
310 	 955 	 865 	 324 
311 	 945 	 854 	 523 
312 	 922 	 844 	 346 
309 	 947 	 874 	 563 
310 	 955 	 912 	 702 
311 	 945 	 899 	 737 
312 	 922 	 893 	 403 
305 	 910 	 949 	 587 
306 	 951 	 955 	 810 
307 	 954 	 967 	 888 
308 	 935 	 939 	 785 
309 	 947 	 957 	 740 
310 	 955 	 1004 	 759 
311 	 945 	 991 	 769 
312 	 922 	 975 	 432 
313 	 906 	 809 	 452 
314 	 930 	 818 	 290 
315 	 949 	 839 	 492 
316 	 903 	 833 	 324 
313 	 906 	 839 	 514 
314 	 930 	 849 	 645 
315 	 949 	 896 	 668 
316 	 903 	 890 	 355 
317 	 920 	 800 	 451 
318 	 931 	 808 	 264 
319 	 949 	 815 	 454 
320 	 928 	 797 	 291 
317 	 920 	 849 	 509 
318 	 931 	 865 	 581 
319 	 949 	 861 	 611 
320 	 928 	 850 	 322 
313 	 906 	 912 	 540 
314 	 930 	 931 	 680 
315 	 949 	 984 	 729 
316 	 903 	 975 	 682 
317 	 920 	 962 	 698 
318 	 931 	 963 	 641 
319 	 949 	 949 	 653 
320 	 928 	 900 	 352 
305 	 910 	 1051 	 611 
306 	 951 	 1052 	 824 
307 	 954 	 1070 	 907 
308 	 935 	 1044 	 807 
309 	 947 	 1071 	 767 
310 	 955 	 1116 	 802 
311 	 945 	 1118 	 844 
312 	 922 	 1105 	 821 
313 	 906 	 1082 	 751 
314 	 930 	 1077 	 748 
315 	 949 	 1100 	 774 
316 	 903 	 1074 	 705 
317 	 920 	 1036 	 720 
318 	 931 	 1026 	 665 
319 	 949 	 1012 	 665 
320 	 928 	 967 	 395 
321 	 935 	 815 	 470 
322 	 942 	 801 	 318 
323 	 959 	 781 	 501 
324 	 922 	 753 	 351 
321 	 935 	 863 	 532 
322 	 942 	 856 	 635 
323 	 959 	 833 	 666 
324 	 922 	 792 	 396 
325 	 917 	 757 	 419 
326 	 943 	 764 	 301 
327 	 967 	 748 	 479 
328 	 930 	 738 	 325 
325 	 917 	 806 	 482 
326 	 943 	 812 	 650 
327 	 967 	 795 	 633 
328 	 930 	 768 	 381 
321 	 935 	 937 	 565 
322 	 942 	 937 	 682 
323 	 959 	 922 	 743 
324 	 922 	 889 	 694 
325 	 917 	 889 	 641 
326 	 943 	 867 	 709 
327 	 967 	 830 	 664 
328 	 930 	 781 	 415 
329 	 932 	 738 	 419 
330 	 947 	 763 	 287 
331 	 953 	 746 	 454 
332 	 941 	 775 	 331 
329 	 932 	 792 	 488 
330 	 947 	 823 	 607 
331 	 953 	 800 	 631 
332 	 941 	 809 	 369 
333 	 927 	 763 	 426 
334 	 935 	 759 	 295 
335 	 954 	 771 	 474 
336 	 916 	 766 	 337 
333 	 927 	 813 	 492 
334 	 935 	 812 	 613 
335 	 954 	 851 	 656 
336 	 916 	 826 	 383 
329 	 932 	 865 	 526 
330 	 947 	 905 	 655 
331 	 953 	 893 	 691 
332 	 941 	 915 	 705 
333 	 927 	 911 	 700 
334 	 935 	 883 	 675 
335 	 954 	 894 	 682 
336 	 916 	 852 	 404 
321 	 935 	 1035 	 607 
322 	 942 	 1040 	 719 
323 	 959 	 1033 	 776 
324 	 922 	 1005 	 727 
325 	 917 	 1014 	 679 
326 	 943 	 1000 	 757 
327 	 967 	 973 	 750 
328 	 930 	 936 	 727 
329 	 932 	 953 	 707 
330 	 947 	 967 	 725 
331 	 953 	 938 	 730 
332 	 941 	 948 	 741 
333 	 927 	 939 	 717 
334 	 935 	 913 	 688 
335 	 954 	 943 	 700 
336 	 916 	 916 	 424 
337 	 912 	 739 	 436 
338 	 910 	 779 	 276 
339 	 934 	 795 	 457 
340 	 942 	 804 	 335 
337 	 912 	 782 	 499 
338 	 910 	 836 	 575 
339 	 934 	 869 	 640 
340 	 942 	 871 	 379 
341 	 912 	 765 	 400 
342 	 934 	 812 	 276 
343 	 929 	 801 	 450 
344 	 952 	 829 	 305 
341 	 912 	 806 	 468 
342 	 934 	 859 	 609 
343 	 929 	 877 	 631 
344 	 952 	 899 	 352 
337 	 912 	 831 	 517 
338 	 910 	 887 	 602 
339 	 934 	 938 	 708 
340 	 942 	 955 	 733 
341 	 912 	 940 	 665 
342 	 934 	 982 	 675 
343 	 929 	 980 	 677 
344 	 952 	 977 	 388 
345 	 929 	 803 	 439 
346 	 907 	 777 	 282 
347 	 943 	 794 	 494 
348 	 964 	 828 	 325 
345 	 929 	 840 	 492 
346 	 907 	 820 	 612 
347 	 943 	 866 	 663 
348 	 964 	 893 	 365 
349 	 941 	 828 	 479 
350 	 933 	 800 	 306 
351 	 933 	 804 	 465 
352 	 967 	 825 	 267 
349 	 941 	 869 	 539 
350 	 933 	 846 	 660 
351 	 933 	 871 	 665 
352 	 967 	 887 	 313 
345 	 929 	 905 	 523 
346 	 907 	 892 	 650 
347 	 943 	 940 	 721 
348 	 964 	 980 	 802 
349 	 941 	 1009 	 749 
350 	 933 	 975 	 726 
351 	 933 	 1014 	 691 
352 	 967 	 999 	 347 
337 	 912 	 886 	 536 
338 	 910 	 948 	 620 
339 	 934 	 1013 	 733 
340 	 942 	 1035 	 763 
341 	 912 	 1039 	 703 
342 	 934 	 1091 	 728 
343 	 929 	 1100 	 737 
344 	 952 	 1114 	 790 
345 	 929 	 1108 	 731 
346 	 907 	 1069 	 711 
347 	 943 	 1087 	 762 
348 	 964 	 1095 	 838 
349 	 941 	 1082 	 766 
350 	 933 	 1033 	 740 
351 	 933 	 1054 	 705 
352 	 967 	 1028 	 368 
353 	 953 	 800 	 475 
354 	 920 	 815 	 300 
355 	 935 	 802 	 453 
356 	 989 	 844 	 289 
353 	 953 	 853 	 542 
354 	 920 	 875 	 637 
355 	 935 	 878 	 622 
356 	 989 	 916 	 333 
357 	 938 	 807 	 495 
358 	 941 	 824 	 308 
359 	 940 	 803 	 504 
360 	 984 	 856 	 304 
357 	 938 	 848 	 551 
358 	 941 	 878 	 719 
359 	 940 	 893 	 708 
360 	 984 	 950 	 354 
353 	 953 	 901 	 570 
354 	 920 	 937 	 681 
355 	 935 	 947 	 673 
356 	 989 	 1002 	 802 
357 	 938 	 1009 	 777 
358 	 941 	 1037 	 775 
359 	 940 	 1041 	 738 
360 	 984 	 1072 	 383 
361 	 953 	 816 	 532 
362 	 953 	 830 	 289 
363 	 974 	 837 	 569 
364 	 976 	 845 	 361 
361 	 953 	 853 	 579 
362 	 953 	 883 	 690 
363 	 974 	 928 	 791 
364 	 976 	 957 	 407 
365 	 964 	 831 	 536 
366 	 934 	 821 	 330 
367 	 977 	 827 	 561 
368 	 982 	 867 	 315 
365 	 964 	 862 	 582 
366 	 934 	 858 	 744 
367 	 977 	 935 	 772 
368 	 982 	 988 	 382 
361 	 953 	 896 	 600 
362 	 953 	 929 	 712 
363 	 974 	 979 	 831 
364 	 976 	 1025 	 842 
365 	 964 	 1064 	 817 
366 	 934 	 1052 	 797 
367 	 977 	 1097 	 811 
368 	 982 	 1112 	 421 
353 	 953 	 949 	 605 
354 	 920 	 990 	 691 
355 	 935 	 1005 	 692 
356 	 989 	 1075 	 829 
357 	 938 	 1080 	 800 
358 	 941 	 1113 	 808 
359 	 940 	 1135 	 801 
360 	 984 	 1196 	 809 
361 	 953 	 1160 	 829 
362 	 953 	 1165 	 782 
363 	 974 	 1183 	 869 
364 	 976 	 1183 	 870 
365 	 964 	 1195 	 828 
366 	 934 	 1140 	 813 
367 	 977 	 1174 	 828 
368 	 982 	 1178 	 449 
369 	 967 	 836 	 585 
370 	 987 	 891 	 363 
371 	 982 	 860 	 611 
372 	 1021 	 902 	 378 
369 	 967 	 875 	 636 
370 	 987 	 933 	 857 
371 	 982 	 965 	 840 
372 	 1021 	 1020 	 448 
373 	 1014 	 883 	 655 
374 	 986 	 875 	 374 
375 	 973 	 830 	 616 
376 	 986 	 878 	 365 
373 	 1014 	 909 	 724 
374 	 986 	 908 	 867 
375 	 973 	 928 	 889 
376 	 986 	 974 	 428 
369 	 967 	 929 	 667 
370 	 987 	 994 	 893 
371 	 982 	 1031 	 904 
372 	 1021 	 1096 	 1026 
373 	 1014 	 1098 	 981 
374 	 986 	 1069 	 927 
375 	 973 	 1073 	 914 
376 	 986 	 1101 	 455 
377 	 1020 	 879 	 661 
378 	 1017 	 894 	 422 
379 	 1011 	 879 	 624 
380 	 999 	 890 	 475 
377 	 1020 	 909 	 720 
378 	 1017 	 933 	 957 
379 	 1011 	 976 	 919 
380 	 999 	 980 	 540 
381 	 1043 	 897 	 723 
382 	 1025 	 913 	 426 
383 	 1008 	 860 	 658 
384 	 1025 	 915 	 455 
381 	 1043 	 925 	 784 
382 	 1025 	 944 	 966 
383 	 1008 	 958 	 947 
384 	 1025 	 990 	 521 
377 	 1020 	 954 	 751 
378 	 1017 	 981 	 981 
379 	 1011 	 1023 	 981 
380 	 999 	 1038 	 1053 
381 	 1043 	 1118 	 1142 
382 	 1025 	 1144 	 1023 
383 	 1008 	 1161 	 979 
384 	 1025 	 1184 	 571 
369 	 967 	 976 	 682 
370 	 987 	 1043 	 911 
371 	 982 	 1085 	 918 
372 	 1021 	 1172 	 1044 
373 	 1014 	 1175 	 1004 
374 	 986 	 1152 	 963 
375 	 973 	 1163 	 968 
376 	 986 	 1202 	 948 
377 	 1020 	 1255 	 1049 
378 	 1017 	 1272 	 1043 
379 	 1011 	 1293 	 1009 
380 	 999 	 1301 	 1072 
381 	 1043 	 1351 	 1157 
382 	 1025 	 1315 	 1043 
383 	 1008 	 1295 	 1003 
384 	 1025 	 1296 	 606 
385 	 1043 	 872 	 714 
386 	 1026 	 908 	 442 
387 	 996 	 834 	 668 
388 	 1012 	 903 	 418 
385 	 1043 	 907 	 761 
386 	 1026 	 931 	 1001 
387 	 996 	 928 	 1004 
388 	 1012 	 964 	 506 
389 	 1017 	 852 	 671 
390 	 998 	 907 	 411 
391 	 1004 	 867 	 642 
392 	 992 	 892 	 398 
389 	 1017 	 875 	 716 
390 	 998 	 928 	 947 
391 	 1004 	 966 	 912 
392 	 992 	 966 	 467 
385 	 1043 	 960 	 795 
386 	 1026 	 986 	 1034 
387 	 996 	 984 	 1049 
388 	 1012 	 1018 	 1069 
389 	 1017 	 1076 	 1030 
390 	 998 	 1120 	 1021 
391 	 1004 	 1152 	 958 
392 	 992 	 1131 	 523 
393 	 1027 	 859 	 691 
394 	 979 	 887 	 419 
395 	 979 	 832 	 590 
396 	 950 	 864 	 361 
393 	 1027 	 885 	 752 
394 	 979 	 904 	 897 
395 	 979 	 940 	 894 
396 	 950 	 953 	 437 
397 	 996 	 866 	 629 
398 	 962 	 865 	 373 
399 	 970 	 840 	 636 
400 	 978 	 892 	 377 
397 	 996 	 897 	 685 
398 	 962 	 895 	 842 
399 	 970 	 934 	 888 
400 	 978 	 989 	 440 
393 	 1027 	 954 	 780 
394 	 979 	 973 	 923 
395 	 979 	 1013 	 967 
396 	 950 	 1020 	 895 
397 	 996 	 1117 	 960 
398 	 962 	 1079 	 913 
399 	 970 	 1108 	 926 
400 	 978 	 1121 	 492 
385 	 1043 	 1022 	 828 
386 	 1026 	 1055 	 1056 
387 	 996 	 1056 	 1076 
388 	 1012 	 1109 	 1091 
389 	 1017 	 1176 	 1059 
390 	 998 	 1230 	 1061 
391 	 1004 	 1265 	 1013 
392 	 992 	 1256 	 1012 
393 	 1027 	 1260 	 1089 
394 	 979 	 1209 	 991 
395 	 979 	 1233 	 1001 
396 	 950 	 1224 	 930 
397 	 996 	 1277 	 980 
398 	 962 	 1211 	 932 
399 	 970 	 1238 	 952 
400 	 978 	 1245 	 530 
401 	 991 	 857 	 637 
402 	 988 	 881 	 412 
403 	 961 	 829 	 592 
404 	 971 	 878 	 371 
401 	 991 	 889 	 682 
402 	 988 	 914 	 929 
403 	 961 	 919 	 844 
404 	 971 	 976 	 435 
405 	 978 	 852 	 670 
406 	 957 	 864 	 396 
407 	 976 	 849 	 685 
408 	 961 	 877 	 419 
405 	 978 	 885 	 709 
406 	 957 	 897 	 924 
407 	 976 	 945 	 920 
408 	 961 	 979 	 490 
401 	 991 	 960 	 718 
402 	 988 	 990 	 969 
403 	 961 	 994 	 896 
404 	 971 	 1050 	 898 
405 	 978 	 1078 	 973 
406 	 957 	 1060 	 983 
407 	 976 	 1075 	 954 
408 	 961 	 1075 	 518 
409 	 1004 	 883 	 681 
410 	 997 	 906 	 377 
411 	 1006 	 898 	 696 
412 	 1001 	 935 	 404 
409 	 1004 	 915 	 736 
410 	 997 	 944 	 905 
411 	 1006 	 1018 	 968 
412 	 1001 	 1066 	 456 
413 	 1002 	 886 	 693 
414 	 1004 	 911 	 413 
415 	 966 	 851 	 624 
416 	 975 	 886 	 349 
413 	 1002 	 920 	 747 
414 	 1004 	 948 	 946 
415 	 966 	 973 	 909 
416 	 975 	 1039 	 424 
409 	 1004 	 976 	 767 
410 	 997 	 1014 	 939 
411 	 1006 	 1085 	 1015 
412 	 1001 	 1138 	 987 
413 	 1002 	 1120 	 1000 
414 	 1004 	 1122 	 1002 
415 	 966 	 1149 	 935 
416 	 975 	 1210 	 466 
401 	 991 	 1033 	 754 
402 	 988 	 1063 	 990 
403 	 961 	 1077 	 929 
404 	 971 	 1149 	 923 
405 	 978 	 1186 	 1010 
406 	 957 	 1170 	 1018 
407 	 976 	 1192 	 1024 
408 	 961 	 1200 	 1019 
409 	 1004 	 1237 	 1009 
410 	 997 	 1251 	 986 
411 	 1006 	 1290 	 1045 
412 	 1001 	 1319 	 1013 
413 	 1002 	 1330 	 1019 
414 	 1004 	 1329 	 1017 
415 	 966 	 1353 	 949 
416 	 975 	 1369 	 494 
417 	 983 	 859 	 634 
418 	 1030 	 919 	 416 
419 	 954 	 804 	 624 
420 	 931 	 779 	 409 
417 	 983 	 906 	 676 
418 	 1030 	 985 	 946 
419 	 954 	 953 	 959 
420 	 931 	 892 	 466 
421 	 938 	 740 	 566 
422 	 940 	 721 	 430 
423 	 913 	 717 	 508 
424 	 908 	 721 	 386 
421 	 938 	 791 	 626 
422 	 940 	 792 	 863 
423 	 913 	 793 	 806 
424 	 908 	 767 	 462 
417 	 983 	 1016 	 707 
418 	 1030 	 1099 	 985 
419 	 954 	 1072 	 1016 
420 	 931 	 1027 	 957 
421 	 938 	 964 	 920 
422 	 940 	 920 	 924 
423 	 913 	 885 	 831 
424 	 908 	 859 	 492 
425 	 906 	 748 	 533 
426 	 928 	 750 	 381 
427 	 884 	 730 	 521 
428 	 885 	 743 	 335 
425 	 906 	 812 	 587 
426 	 928 	 826 	 825 
427 	 884 	 799 	 817 
428 	 885 	 806 	 390 
429 	 873 	 756 	 468 
430 	 887 	 756 	 339 
431 	 856 	 767 	 439 
432 	 869 	 740 	 304 
429 	 873 	 812 	 531 
430 	 887 	 835 	 726 
431 	 856 	 823 	 681 
432 	 869 	 780 	 348 
425 	 906 	 893 	 621 
426 	 928 	 908 	 872 
427 	 884 	 905 	 880 
428 	 885 	 932 	 767 
429 	 873 	 930 	 767 
430 	 887 	 938 	 782 
431 	 856 	 904 	 716 
432 	 869 	 857 	 387 
417 	 983 	 1137 	 736 
418 	 1030 	 1235 	 1007 
419 	 954 	 1214 	 1033 
420 	 931 	 1167 	 977 
421 	 938 	 1121 	 951 
422 	 940 	 1079 	 961 
423 	 913 	 1060 	 900 
424 	 908 	 1045 	 880 
425 	 906 	 1038 	 885 
426 	 928 	 1048 	 931 
427 	 884 	 1038 	 908 
428 	 885 	 1065 	 786 
429 	 873 	 1078 	 785 
430 	 887 	 1122 	 800 
431 	 856 	 1087 	 742 
432 	 869 	 1025 	 458 
433 	 874 	 794 	 487 
434 	 886 	 770 	 307 
435 	 876 	 785 	 463 
436 	 831 	 743 	 361 
433 	 874 	 834 	 540 
434 	 886 	 836 	 661 
435 	 876 	 822 	 681 
436 	 831 	 779 	 417 
437 	 866 	 796 	 501 
438 	 870 	 787 	 300 
439 	 876 	 799 	 476 
440 	 847 	 755 	 302 
437 	 866 	 856 	 555 
438 	 870 	 868 	 668 
439 	 876 	 840 	 714 
440 	 847 	 792 	 357 
433 	 874 	 887 	 571 
434 	 886 	 901 	 706 
435 	 876 	 908 	 758 
436 	 831 	 890 	 799 
437 	 866 	 945 	 800 
438 	 870 	 957 	 727 
439 	 876 	 935 	 748 
440 	 847 	 897 	 397 
441 	 875 	 809 	 482 
442 	 907 	 810 	 331 
443 	 874 	 802 	 502 
444 	 871 	 784 	 325 
441 	 875 	 874 	 521 
442 	 907 	 887 	 735 
443 	 874 	 854 	 731 
444 	 871 	 836 	 385 
445 	 865 	 785 	 501 
446 	 898 	 795 	 321 
447 	 906 	 803 	 505 
448 	 870 	 750 	 354 
445 	 865 	 876 	 534 
446 	 898 	 872 	 719 
447 	 906 	 852 	 717 
448 	 870 	 792 	 401 
441 	 875 	 942 	 559 
442 	 907 	 983 	 785 
443 	 874 	 976 	 789 
444 	 871 	 972 	 776 
445 	 865 	 967 	 752 
446 	 898 	 963 	 779 
447 	 906 	 950 	 740 
448 	 870 	 903 	 427 
433 	 874 	 978 	 605 
434 	 886 	 997 	 718 
435 	 876 	 1008 	 775 
436 	 831 	 993 	 818 
437 	 866 	 1052 	 824 
438 	 870 	 1074 	 768 
439 	 876 	 1069 	 822 
440 	 847 	 1076 	 755 
441 	 875 	 1102 	 797 
442 	 907 	 1151 	 849 
443 	 874 	 1139 	 819 
444 	 871 	 1127 	 795 
445 	 865 	 1114 	 770 
446 	 898 	 1112 	 790 
447 	 906 	 1088 	 753 
448 	 870 	 1021 	 472 
449 	 858 	 779 	 502 
450 	 878 	 756 	 340 
451 	 876 	 759 	 522 
452 	 862 	 732 	 321 
449 	 858 	 847 	 544 
450 	 878 	 820 	 731 
451 	 876 	 796 	 754 
452 	 862 	 777 	 376 
453 	 855 	 738 	 456 
454 	 874 	 747 	 304 
455 	 898 	 776 	 513 
456 	 842 	 719 	 319 
453 	 855 	 788 	 508 
454 	 874 	 805 	 674 
455 	 898 	 835 	 712 
456 	 842 	 779 	 365 
449 	 858 	 914 	 566 
450 	 878 	 905 	 772 
451 	 876 	 889 	 795 
452 	 862 	 874 	 736 
453 	 855 	 881 	 735 
454 	 874 	 929 	 739 
455 	 898 	 979 	 742 
456 	 842 	 904 	 415 
457 	 866 	 734 	 492 
458 	 888 	 767 	 334 
459 	 897 	 766 	 544 
460 	 876 	 751 	 346 
457 	 866 	 787 	 534 
458 	 888 	 828 	 713 
459 	 897 	 840 	 772 
460 	 876 	 826 	 404 
461 	 886 	 757 	 503 
462 	 903 	 764 	 370 
463 	 937 	 782 	 569 
464 	 899 	 746 	 391 
461 	 886 	 811 	 540 
462 	 903 	 838 	 793 
463 	 937 	 874 	 803 
464 	 899 	 824 	 462 
457 	 866 	 859 	 564 
458 	 888 	 913 	 735 
459 	 897 	 939 	 823 
460 	 876 	 942 	 748 
461 	 886 	 959 	 764 
462 	 903 	 982 	 855 
463 	 937 	 980 	 836 
464 	 899 	 905 	 501 
449 	 858 	 980 	 592 
450 	 878 	 980 	 788 
451 	 876 	 979 	 817 
452 	 862 	 970 	 763 
453 	 855 	 986 	 759 
454 	 874 	 1059 	 776 
455 	 898 	 1122 	 808 
456 	 842 	 1063 	 751 
457 	 866 	 1086 	 790 
458 	 888 	 1132 	 803 
459 	 897 	 1136 	 862 
460 	 876 	 1078 	 774 
461 	 886 	 1074 	 791 
462 	 903 	 1080 	 874 
463 	 937 	 1054 	 859 
464 	 899 	 969 	 544 
465 	 888 	 758 	 511 
466 	 908 	 746 	 337 
467 	 924 	 778 	 550 
468 	 918 	 765 	 351 
465 	 888 	 851 	 564 
466 	 908 	 850 	 767 
467 	 924 	 832 	 816 
468 	 918 	 811 	 413 
469 	 927 	 797 	 556 
470 	 939 	 810 	 353 
471 	 961 	 841 	 618 
472 	 931 	 805 	 414 
469 	 927 	 884 	 600 
470 	 939 	 922 	 792 
471 	 961 	 920 	 867 
472 	 931 	 872 	 466 
465 	 888 	 963 	 589 
466 	 908 	 987 	 805 
467 	 924 	 1001 	 867 
468 	 918 	 998 	 866 
469 	 927 	 993 	 862 
470 	 939 	 1019 	 856 
471 	 961 	 1028 	 907 
472 	 931 	 956 	 498 
473 	 930 	 784 	 595 
474 	 934 	 758 	 367 
475 	 927 	 769 	 540 
476 	 926 	 771 	 378 
473 	 930 	 876 	 641 
474 	 934 	 846 	 777 
475 	 927 	 820 	 794 
476 	 926 	 820 	 436 
477 	 922 	 782 	 552 
478 	 915 	 782 	 359 
479 	 915 	 782 	 529 
480 	 925 	 771 	 378 
477 	 922 	 864 	 607 
478 	 915 	 873 	 767 
479 	 915 	 841 	 792 
480 	 925 	 829 	 444 
473 	 930 	 986 	 670 
474 	 934 	 974 	 811 
475 	 927 	 970 	 848 
476 	 926 	 977 	 883 
477 	 922 	 985 	 891 
478 	 915 	 997 	 839 
479 	 915 	 970 	 828 
480 	 925 	 956 	 474 
465 	 888 	 1062 	 637 
466 	 908 	 1094 	 826 
467 	 924 	 1130 	 890 
468 	 918 	 1139 	 895 
469 	 927 	 1170 	 893 
470 	 939 	 1222 	 895 
471 	 961 	 1294 	 971 
472 	 931 	 1231 	 965 
473 	 930 	 1165 	 946 
474 	 934 	 1136 	 893 
475 	 927 	 1120 	 898 
476 	 926 	 1100 	 916 
477 	 922 	 1091 	 920 
478 	 915 	 1091 	 863 
479 	 915 	 1048 	 852 
480 	 925 	 1017 	 503 
481 	 932 	 780 	 564 
482 	 929 	 754 	 368 
483 	 963 	 791 	 585 
484 	 916 	 758 	 417 
481 	 932 	 848 	 612 
482 	 929 	 839 	 771 
483 	 963 	 879 	 845 
484 	 916 	 829 	 470 
485 	 907 	 765 	 512 
486 	 901 	 768 	 373 
487 	 976 	 833 	 572 
488 	 1062 	 922 	 407 
485 	 907 	 923 	 577 
486 	 901 	 843 	 734 
487 	 976 	 880 	 815 
488 	 1062 	 979 	 480 
481 	 932 	 938 	 648 
482 	 929 	 944 	 801 
483 	 963 	 995 	 905 
484 	 916 	 975 	 903 
485 	 907 	 1054 	 855 
486 	 901 	 984 	 806 
487 	 976 	 1024 	 855 
488 	 1062 	 1120 	 513 
489 	 929 	 787 	 470 
490 	 919 	 765 	 387 
491 	 938 	 786 	 494 
492 	 940 	 789 	 361 
489 	 929 	 851 	 526 
490 	 919 	 820 	 725 
491 	 938 	 834 	 748 
492 	 940 	 833 	 441 
493 	 919 	 770 	 434 
494 	 936 	 784 	 367 
495 	 920 	 778 	 431 
496 	 964 	 805 	 371 
493 	 919 	 848 	 483 
494 	 936 	 858 	 701 
495 	 920 	 824 	 683 
496 	 964 	 852 	 428 
489 	 929 	 926 	 556 
490 	 919 	 913 	 761 
491 	 938 	 943 	 800 
492 	 940 	 951 	 773 
493 	 919 	 932 	 742 
494 	 936 	 956 	 778 
495 	 920 	 929 	 719 
496 	 964 	 946 	 481 
481 	 932 	 1047 	 680 
482 	 929 	 1062 	 817 
483 	 963 	 1124 	 934 
484 	 916 	 1131 	 920 
485 	 907 	 1248 	 877 
486 	 901 	 1162 	 849 
487 	 976 	 1215 	 914 
488 	 1062 	 1320 	 978 
489 	 929 	 1168 	 838 
490 	 919 	 1138 	 852 
491 	 938 	 1173 	 845 
492 	 940 	 1157 	 805 
493 	 919 	 1115 	 777 
494 	 936 	 1127 	 802 
495 	 920 	 1074 	 750 
496 	 964 	 1073 	 534 
497 	 913 	 775 	 457 
498 	 924 	 775 	 371 
499 	 935 	 789 	 483 
500 	 932 	 780 	 358 
497 	 913 	 858 	 506 
498 	 924 	 850 	 710 
499 	 935 	 837 	 748 
500 	 932 	 823 	 435 
501 	 899 	 756 	 452 
502 	 919 	 750 	 364 
503 	 941 	 800 	 486 
504 	 938 	 755 	 358 
501 	 899 	 843 	 520 
502 	 919 	 833 	 755 
503 	 941 	 854 	 739 
504 	 938 	 803 	 421 
497 	 913 	 965 	 531 
498 	 924 	 974 	 747 
499 	 935 	 976 	 805 
500 	 932 	 980 	 802 
501 	 899 	 928 	 780 
502 	 919 	 916 	 830 
503 	 941 	 937 	 771 
504 	 938 	 895 	 450 
505 	 916 	 774 	 444 
506 	 910 	 764 	 353 
507 	 927 	 773 	 447 
508 	 927 	 764 	 320 
505 	 916 	 848 	 499 
506 	 910 	 837 	 654 
507 	 927 	 832 	 678 
508 	 927 	 813 	 392 
509 	 905 	 733 	 436 
510 	 896 	 730 	 322 
511 	 906 	 739 	 425 
512 	 914 	 738 	 339 
509 	 905 	 807 	 496 
510 	 896 	 803 	 663 
511 	 906 	 787 	 646 
512 	 914 	 783 	 399 
505 	 916 	 982 	 523 
506 	 910 	 971 	 708 
507 	 927 	 975 	 754 
508 	 927 	 966 	 750 
509 	 905 	 925 	 764 
510 	 896 	 923 	 739 
511 	 906 	 900 	 685 
512 	 914 	 895 	 431 
497 	 913 	 1069 	 567 
498 	 924 	 1091 	 776 
499 	 935 	 1097 	 834 
500 	 932 	 1106 	 830 
501 	 899 	 1086 	 818 
502 	 919 	 1118 	 866 
503 	 941 	 1132 	 852 
504 	 938 	 1122 	 831 
505 	 916 	 1167 	 803 
506 	 910 	 1139 	 788 
507 	 927 	 1134 	 801 
508 	 927 	 1114 	 779 
509 	 905 	 1043 	 784 
510 	 896 	 1005 	 758 
511 	 906 	 956 	 697 
512 	 914 	 939 	 458 
513 	 900 	 742 	 392 
514 	 897 	 724 	 336 
515 	 860 	 711 	 385 
516 	 898 	 722 	 305 
513 	 900 	 815 	 449 
514 	 897 	 799 	 611 
515 	 860 	 778 	 585 
516 	 898 	 793 	 355 
517 	 901 	 714 	 412 
518 	 879 	 699 	 306 
519 	 861 	 682 	 394 
520 	 895 	 683 	 322 
517 	 901 	 783 	 480 
518 	 879 	 767 	 584 
519 	 861 	 756 	 610 
520 	 895 	 777 	 394 
513 	 900 	 934 	 492 
514 	 897 	 925 	 658 
515 	 860 	 922 	 647 
516 	 898 	 948 	 696 
517 	 901 	 936 	 698 
518 	 879 	 907 	 650 
519 	 861 	 853 	 648 
520 	 895 	 841 	 428 
521 	 883 	 711 	 420 
522 	 861 	 670 	 320 
523 	 857 	 687 	 366 
524 	 869 	 685 	 344 
521 	 883 	 789 	 483 
522 	 861 	 743 	 604 
523 	 857 	 743 	 581 
524 	 869 	 737 	 412 
525 	 874 	 680 	 406 
526 	 879 	 680 	 328 
527 	 850 	 666 	 377 
528 	 849 	 652 	 273 
525 	 874 	 736 	 463 
526 	 879 	 730 	 585 
527 	 850 	 731 	 579 
528 	 849 	 713 	 339 
521 	 883 	 906 	 520 
522 	 861 	 868 	 650 
523 	 857 	 870 	 647 
524 	 869 	 856 	 704 
525 	 874 	 841 	 681 
526 	 879 	 815 	 655 
527 	 850 	 804 	 614 
528 	 849 	 773 	 377 
513 	 900 	 1008 	 525 
514 	 897 	 1018 	 679 
515 	 860 	 1028 	 674 
516 	 898 	 1080 	 726 
517 	 901 	 1091 	 739 
518 	 879 	 1091 	 707 
519 	 861 	 1062 	 737 
520 	 895 	 1073 	 749 
521 	 883 	 1081 	 756 
522 	 861 	 1031 	 717 
523 	 857 	 1002 	 685 
524 	 869 	 968 	 725 
525 	 874 	 945 	 704 
526 	 879 	 906 	 671 
527 	 850 	 890 	 632 
528 	 849 	 856 	 395 
529 	 868 	 670 	 416 
530 	 864 	 658 	 312 
531 	 854 	 646 	 414 
532 	 864 	 653 	 307 
529 	 868 	 708 	 465 
530 	 864 	 704 	 577 
531 	 854 	 710 	 612 
532 	 864 	 711 	 362 
533 	 874 	 624 	 432 
534 	 847 	 635 	 317 
535 	 854 	 631 	 398 
536 	 850 	 642 	 281 
533 	 874 	 665 	 481 
534 	 847 	 671 	 532 
535 	 854 	 682 	 565 
536 	 850 	 684 	 342 
529 	 868 	 817 	 495 
530 	 864 	 808 	 610 
531 	 854 	 807 	 669 
532 	 864 	 786 	 643 
533 	 874 	 760 	 683 
534 	 847 	 748 	 594 
535 	 854 	 748 	 598 
536 	 850 	 750 	 379 
537 	 857 	 642 	 387 
538 	 824 	 618 	 269 
539 	 855 	 636 	 365 
540 	 850 	 649 	 278 
537 	 857 	 692 	 442 
538 	 824 	 665 	 531 
539 	 855 	 683 	 539 
540 	 850 	 696 	 337 
541 	 873 	 647 	 417 
542 	 864 	 660 	 335 
543 	 859 	 660 	 396 
544 	 875 	 678 	 313 
541 	 873 	 705 	 469 
542 	 864 	 705 	 618 
543 	 859 	 713 	 588 
544 	 875 	 719 	 375 
537 	 857 	 787 	 486 
538 	 824 	 767 	 585 
539 	 855 	 789 	 613 
540 	 850 	 797 	 627 
541 	 873 	 797 	 652 
542 	 864 	 793 	 679 
543 	 859 	 793 	 624 
544 	 875 	 792 	 410 
529 	 868 	 894 	 537 
530 	 864 	 899 	 638 
531 	 854 	 918 	 701 
532 	 864 	 934 	 677 
533 	 874 	 928 	 719 
534 	 847 	 919 	 653 
535 	 854 	 925 	 680 
536 	 850 	 936 	 652 
537 	 857 	 934 	 675 
538 	 824 	 897 	 646 
539 	 855 	 913 	 654 
540 	 850 	 910 	 650 
541 	 873 	 897 	 678 
542 	 864 	 868 	 703 
543 	 859 	 864 	 641 
544 	 875 	 847 	 457 
545 	 890 	 689 	 444 
546 	 853 	 674 	 313 
547 	 868 	 698 	 413 
548 	 863 	 676 	 278 
545 	 890 	 737 	 489 
546 	 853 	 709 	 581 
547 	 868 	 745 	 564 
548 	 863 	 716 	 343 
549 	 871 	 677 	 403 
550 	 856 	 683 	 315 
551 	 854 	 668 	 415 
552 	 851 	 662 	 282 
549 	 871 	 720 	 454 
550 	 856 	 727 	 586 
551 	 854 	 716 	 592 
552 	 851 	 700 	 345 
545 	 890 	 832 	 519 
546 	 853 	 802 	 627 
547 	 868 	 813 	 619 
548 	 863 	 788 	 634 
549 	 871 	 785 	 620 
550 	 856 	 786 	 644 
551 	 854 	 764 	 632 
552 	 851 	 744 	 382 
553 	 864 	 689 	 397 
554 	 853 	 677 	 287 
555 	 840 	 676 	 393 
556 	 864 	 690 	 252 
553 	 864 	 728 	 446 
554 	 853 	 722 	 571 
555 	 840 	 712 	 555 
556 	 864 	 720 	 316 
557 	 843 	 710 	 394 
558 	 877 	 697 	 258 
559 	 854 	 691 	 392 
560 	 853 	 692 	 269 
557 	 843 	 761 	 441 
558 	 877 	 747 	 531 
559 	 854 	 723 	 554 
560 	 853 	 721 	 329 
553 	 864 	 795 	 487 
554 	 853 	 803 	 611 
555 	 840 	 799 	 614 
556 	 864 	 808 	 621 
557 	 843 	 826 	 611 
558 	 877 	 806 	 593 
559 	 854 	 770 	 583 
560 	 853 	 764 	 377 
545 	 890 	 959 	 554 
546 	 853 	 922 	 650 
547 	 868 	 925 	 650 
548 	 863 	 900 	 668 
549 	 871 	 894 	 664 
550 	 856 	 906 	 696 
551 	 854 	 889 	 719 
552 	 851 	 882 	 658 
553 	 864 	 898 	 653 
554 	 853 	 900 	 684 
555 	 840 	 877 	 656 
556 	 864 	 879 	 655 
557 	 843 	 888 	 639 
558 	 877 	 865 	 620 
559 	 854 	 831 	 614 
560 	 853 	 821 	 417 
561 	 842 	 697 	 380 
562 	 875 	 719 	 296 
563 	 865 	 712 	 411 
564 	 845 	 687 	 312 
561 	 842 	 772 	 420 
562 	 875 	 791 	 600 
563 	 865 	 743 	 566 
564 	 845 	 710 	 360 
565 	 874 	 697 	 446 
566 	 888 	 719 	 268 
567 	 869 	 710 	 469 
568 	 865 	 695 	 327 
565 	 874 	 753 	 501 
566 	 888 	 774 	 595 
567 	 869 	 770 	 674 
568 	 865 	 734 	 391 
561 	 842 	 855 	 463 
562 	 875 	 900 	 640 
563 	 865 	 866 	 637 
564 	 845 	 829 	 692 
565 	 874 	 811 	 668 
566 	 888 	 824 	 647 
567 	 869 	 807 	 707 
568 	 865 	 765 	 428 
569 	 902 	 727 	 527 
570 	 900 	 741 	 329 
571 	 882 	 728 	 526 
572 	 883 	 737 	 329 
569 	 902 	 789 	 570 
570 	 900 	 793 	 724 
571 	 882 	 807 	 741 
572 	 883 	 803 	 386 
573 	 881 	 726 	 492 
574 	 933 	 775 	 303 
575 	 881 	 723 	 488 
576 	 894 	 749 	 316 
573 	 881 	 784 	 548 
574 	 933 	 832 	 727 
575 	 881 	 806 	 719 
576 	 894 	 821 	 364 
569 	 902 	 863 	 611 
570 	 900 	 880 	 764 
571 	 882 	 897 	 805 
572 	 883 	 904 	 751 
573 	 881 	 925 	 784 
574 	 933 	 928 	 779 
575 	 881 	 881 	 752 
576 	 894 	 879 	 409 
561 	 842 	 948 	 501 
562 	 875 	 995 	 668 
563 	 865 	 967 	 663 
564 	 845 	 943 	 722 
565 	 874 	 944 	 705 
566 	 888 	 975 	 699 
567 	 869 	 965 	 791 
568 	 865 	 934 	 780 
569 	 902 	 967 	 791 
570 	 900 	 961 	 824 
571 	 882 	 962 	 844 
572 	 883 	 970 	 778 
573 	 881 	 984 	 806 
574 	 933 	 983 	 798 
575 	 881 	 942 	 773 
576 	 894 	 951 	 445 
577 	 870 	 721 	 491 
578 	 884 	 720 	 326 
579 	 862 	 686 	 491 
580 	 819 	 670 	 329 
577 	 870 	 766 	 544 
578 	 884 	 782 	 747 
579 	 862 	 765 	 711 
580 	 819 	 745 	 402 
581 	 838 	 667 	 430 
582 	 867 	 681 	 297 
583 	 828 	 664 	 402 
584 	 846 	 694 	 281 
581 	 838 	 703 	 472 
582 	 867 	 729 	 618 
583 	 828 	 746 	 583 
584 	 846 	 760 	 339 
577 	 870 	 808 	 582 
578 	 884 	 826 	 790 
579 	 862 	 824 	 781 
580 	 819 	 824 	 712 
581 	 838 	 826 	 658 
582 	 867 	 816 	 678 
583 	 828 	 818 	 626 
584 	 846 	 823 	 372 
585 	 865 	 725 	 485 
586 	 870 	 716 	 321 
587 	 855 	 719 	 469 
588 	 874 	 747 	 313 
585 	 865 	 771 	 535 
586 	 870 	 779 	 672 
587 	 855 	 796 	 690 
588 	 874 	 810 	 368 
589 	 863 	 729 	 457 
590 	 897 	 757 	 294 
591 	 895 	 744 	 507 
592 	 853 	 737 	 374 
589 	 863 	 773 	 506 
590 	 897 	 809 	 682 
591 	 895 	 800 	 727 
592 	 853 	 792 	 435 
585 	 865 	 831 	 558 
586 	 870 	 842 	 704 
587 	 855 	 872 	 734 
588 	 874 	 906 	 739 
589 	 863 	 881 	 719 
590 	 897 	 914 	 740 
591 	 895 	 897 	 753 
592 	 853 	 883 	 472 
577 	 870 	 909 	 651 
578 	 884 	 923 	 817 
579 	 862 	 915 	 800 
580 	 819 	 915 	 733 
581 	 838 	 913 	 683 
582 	 867 	 911 	 723 
583 	 828 	 922 	 681 
584 	 846 	 950 	 692 
585 	 865 	 972 	 743 
586 	 870 	 956 	 759 
587 	 855 	 977 	 772 
588 	 874 	 1006 	 761 
589 	 863 	 983 	 738 
590 	 897 	 1006 	 750 
591 	 895 	 971 	 766 
592 	 853 	 935 	 505 
593 	 858 	 729 	 436 
594 	 877 	 750 	 314 
595 	 888 	 751 	 476 
596 	 857 	 747 	 319 
593 	 858 	 783 	 482 
594 	 877 	 794 	 641 
595 	 888 	 810 	 663 
596 	 857 	 798 	 382 
597 	 896 	 780 	 468 
598 	 922 	 816 	 312 
599 	 944 	 813 	 506 
600 	 978 	 879 	 352 
597 	 896 	 833 	 534 
598 	 922 	 856 	 661 
599 	 944 	 877 	 713 
600 	 978 	 940 	 422 
593 	 858 	 890 	 511 
594 	 877 	 879 	 672 
595 	 888 	 903 	 705 
596 	 857 	 894 	 702 
597 	 896 	 948 	 749 
598 	 922 	 959 	 721 
599 	 944 	 991 	 748 
600 	 978 	 1030 	 469 
601 	 1040 	 900 	 571 
602 	 1018 	 962 	 384 
603 	 1039 	 847 	 584 
604 	 1041 	 910 	 370 
601 	 1040 	 935 	 622 
602 	 1018 	 991 	 805 
603 	 1039 	 980 	 856 
604 	 1041 	 991 	 443 
605 	 994 	 816 	 525 
606 	 996 	 869 	 384 
607 	 1001 	 859 	 602 
608 	 989 	 898 	 411 
605 	 994 	 859 	 587 
606 	 996 	 918 	 878 
607 	 1001 	 975 	 871 
608 	 989 	 969 	 477 
601 	 1040 	 992 	 670 
602 	 1018 	 1055 	 840 
603 	 1039 	 1049 	 922 
604 	 1041 	 1069 	 900 
605 	 994 	 1055 	 877 
606 	 996 	 1053 	 941 
607 	 1001 	 1064 	 907 
608 	 989 	 1046 	 512 
593 	 858 	 982 	 576 
594 	 877 	 968 	 698 
595 	 888 	 1000 	 725 
596 	 857 	 1001 	 723 
597 	 896 	 1067 	 772 
598 	 922 	 1070 	 751 
599 	 944 	 1087 	 804 
600 	 978 	 1124 	 873 
601 	 1040 	 1185 	 933 
602 	 1018 	 1218 	 907 
603 	 1039 	 1185 	 953 
604 	 1041 	 1193 	 927 
605 	 994 	 1149 	 906 
606 	 996 	 1146 	 963 
607 	 1001 	 1161 	 923 
608 	 989 	 1137 	 591 
609 	 1028 	 879 	 611 
610 	 1027 	 947 	 386 
611 	 1082 	 939 	 577 
612 	 1093 	 1079 	 415 
609 	 1028 	 923 	 687 
610 	 1027 	 993 	 870 
611 	 1082 	 1135 	 833 
612 	 1093 	 1184 	 501 
613 	 1370 	 1199 	 770 
614 	 1535 	 1370 	 491 
615 	 1307 	 1110 	 819 
616 	 1305 	 1169 	 502 
613 	 1370 	 1288 	 862 
614 	 1535 	 1509 	 1127 
615 	 1307 	 1383 	 1127 
616 	 1305 	 1294 	 586 
609 	 1028 	 1010 	 733 
610 	 1027 	 1069 	 914 
611 	 1082 	 1240 	 901 
612 	 1093 	 1304 	 1049 
613 	 1370 	 1552 	 1180 
614 	 1535 	 1622 	 1200 
615 	 1307 	 1441 	 1179 
616 	 1305 	 1356 	 679 
617 	 1441 	 1132 	 802 
618 	 1248 	 1162 	 492 
619 	 1216 	 986 	 747 
620 	 1186 	 997 	 491 
617 	 1441 	 1164 	 874 
618 	 1248 	 1241 	 1104 
619 	 1216 	 1160 	 1059 
620 	 1186 	 1103 	 563 
621 	 1158 	 907 	 692 
622 	 1138 	 938 	 482 
623 	 1192 	 947 	 662 
624 	 1157 	 998 	 468 
621 	 1158 	 939 	 786 
622 	 1138 	 996 	 1012 
623 	 1192 	 1111 	 996 
624 	 1157 	 1105 	 540 
617 	 1441 	 1194 	 934 
618 	 1248 	 1279 	 1157 
619 	 1216 	 1192 	 1115 
620 	 1186 	 1182 	 1159 
621 	 1158 	 1154 	 1100 
622 	 1138 	 1131 	 1089 
623 	 1192 	 1214 	 1044 
624 	 1157 	 1193 	 631 
609 	 1028 	 1092 	 803 
610 	 1027 	 1135 	 944 
611 	 1082 	 1306 	 926 
612 	 1093 	 1364 	 1097 
613 	 1370 	 1607 	 1218 
614 	 1535 	 1698 	 1258 
615 	 1307 	 1547 	 1253 
616 	 1305 	 1502 	 1337 
617 	 1441 	 1510 	 1267 
618 	 1248 	 1476 	 1233 
619 	 1216 	 1334 	 1173 
620 	 1186 	 1322 	 1194 
621 	 1158 	 1286 	 1130 
622 	 1138 	 1259 	 1120 
623 	 1192 	 1344 	 1077 
624 	 1157 	 1323 	 708 
625 	 1124 	 972 	 670 
626 	 1143 	 1006 	 444 
627 	 1202 	 1034 	 767 
628 	 1223 	 1062 	 443 
625 	 1124 	 1066 	 756 
626 	 1143 	 1120 	 1033 
627 	 1202 	 1160 	 1049 
628 	 1223 	 1120 	 518 
629 	 1359 	 1116 	 759 
630 	 1268 	 1221 	 490 
631 	 1245 	 1055 	 783 
632 	 1310 	 1196 	 486 
629 	 1359 	 1182 	 843 
630 	 1268 	 1287 	 1108 
631 	 1245 	 1277 	 1149 
632 	 1310 	 1288 	 563 
625 	 1124 	 1161 	 820 
626 	 1143 	 1224 	 1078 
627 	 1202 	 1275 	 1123 
628 	 1223 	 1263 	 1146 
629 	 1359 	 1362 	 1169 
630 	 1268 	 1387 	 1172 
631 	 1245 	 1342 	 1183 
632 	 1310 	 1339 	 619 
633 	 1248 	 1070 	 709 
634 	 1219 	 1141 	 450 
635 	 1242 	 1080 	 726 
636 	 1253 	 1191 	 423 
633 	 1248 	 1115 	 804 
634 	 1219 	 1203 	 992 
635 	 1242 	 1254 	 1000 
636 	 1253 	 1253 	 505 
637 	 1246 	 1084 	 736 
638 	 1311 	 1213 	 447 
639 	 1331 	 1157 	 832 
640 	 1299 	 1168 	 507 
637 	 1246 	 1133 	 818 
638 	 1311 	 1306 	 1073 
639 	 1331 	 1316 	 1137 
640 	 1299 	 1252 	 578 
633 	 1248 	 1236 	 867 
634 	 1219 	 1319 	 1051 
635 	 1242 	 1371 	 1080 
636 	 1253 	 1376 	 1152 
637 	 1246 	 1338 	 1125 
638 	 1311 	 1414 	 1131 
639 	 1331 	 1382 	 1178 
640 	 1299 	 1310 	 631 
625 	 1124 	 1267 	 883 
626 	 1143 	 1342 	 1098 
627 	 1202 	 1398 	 1147 
628 	 1223 	 1384 	 1181 
629 	 1359 	 1485 	 1201 
630 	 1268 	 1536 	 1221 
631 	 1245 	 1476 	 1251 
632 	 1310 	 1510 	 1287 
633 	 1248 	 1469 	 1161 
634 	 1219 	 1446 	 1115 
635 	 1242 	 1466 	 1122 
636 	 1253 	 1470 	 1179 
637 	 1246 	 1425 	 1155 
638 	 1311 	 1496 	 1160 
639 	 1331 	 1456 	 1207 
640 	 1299 	 1374 	 736 
641 	 1278 	 1092 	 811 
642 	 1320 	 1186 	 498 
643 	 1305 	 1134 	 892 
644 	 1305 	 1228 	 512 
641 	 1278 	 1143 	 891 
642 	 1320 	 1240 	 1193 
643 	 1305 	 1316 	 1239 
644 	 1305 	 1419 	 616 
645 	 1265 	 1122 	 818 
646 	 1277 	 1182 	 508 
647 	 1266 	 1123 	 793 
648 	 1281 	 1165 	 498 
645 	 1265 	 1172 	 892 
646 	 1277 	 1240 	 1161 
647 	 1266 	 1278 	 1132 
648 	 1281 	 1334 	 589 
641 	 1278 	 1225 	 950 
642 	 1320 	 1321 	 1231 
643 	 1305 	 1390 	 1305 
644 	 1305 	 1501 	 1287 
645 	 1265 	 1459 	 1237 
646 	 1277 	 1450 	 1244 
647 	 1266 	 1428 	 1189 
648 	 1281 	 1437 	 675 
649 	 1271 	 1143 	 773 
650 	 1298 	 1154 	 546 
651 	 1273 	 1117 	 842 
652 	 1310 	 1118 	 503 
649 	 1271 	 1204 	 856 
650 	 1298 	 1226 	 1181 
651 	 1273 	 1248 	 1181 
652 	 1310 	 1275 	 594 
653 	 1279 	 1099 	 806 
654 	 1288 	 1131 	 496 
655 	 1286 	 1110 	 766 
656 	 1333 	 1151 	 519 
653 	 1279 	 1158 	 872 
654 	 1288 	 1203 	 1114 
655 	 1286 	 1216 	 1101 
656 	 1333 	 1289 	 611 
649 	 1271 	 1285 	 901 
650 	 1298 	 1303 	 1228 
651 	 1273 	 1324 	 1250 
652 	 1310 	 1384 	 1212 
653 	 1279 	 1412 	 1238 
654 	 1288 	 1439 	 1202 
655 	 1286 	 1426 	 1150 
656 	 1333 	 1433 	 662 
641 	 1278 	 1336 	 1019 
642 	 1320 	 1428 	 1267 
643 	 1305 	 1505 	 1334 
644 	 1305 	 1632 	 1328 
645 	 1265 	 1591 	 1274 
646 	 1277 	 1595 	 1293 
647 	 1266 	 1589 	 1248 
648 	 1281 	 1621 	 1303 
649 	 1271 	 1652 	 1251 
650 	 1298 	 1609 	 1314 
651 	 1273 	 1575 	 1293 
652 	 1310 	 1566 	 1250 
653 	 1279 	 1548 	 1263 
654 	 1288 	 1559 	 1225 
655 	 1286 	 1543 	 1169 
656 	 1333 	 1544 	 722 
657 	 1298 	 1129 	 801 
658 	 1299 	 1134 	 474 
659 	 1288 	 1144 	 735 
660 	 1312 	 1155 	 522 
657 	 1298 	 1181 	 868 
658 	 1299 	 1205 	 1037 
659 	 1288 	 1263 	 1065 
660 	 1312 	 1324 	 621 
661 	 1283 	 1123 	 766 
662 	 1255 	 1133 	 488 
663 	 1225 	 1081 	 720 
664 	 1283 	 1151 	 473 
661 	 1283 	 1181 	 835 
662 	 1255 	 1193 	 1033 
663 	 1225 	 1203 	 1066 
664 	 1283 	 1286 	 581 
657 	 1298 	 1272 	 912 
658 	 1299 	 1295 	 1087 
659 	 1288 	 1358 	 1144 
660 	 1312 	 1445 	 1281 
661 	 1283 	 1479 	 1210 
662 	 1255 	 1470 	 1133 
663 	 1225 	 1434 	 1118 
664 	 1283 	 1461 	 623 
665 	 1265 	 1116 	 733 
666 	 1245 	 1133 	 522 
667 	 1247 	 1084 	 731 
668 	 1268 	 1147 	 460 
665 	 1265 	 1164 	 797 
666 	 1245 	 1175 	 1063 
667 	 1247 	 1205 	 1071 
668 	 1268 	 1288 	 561 
669 	 1283 	 1106 	 767 
670 	 1230 	 1119 	 514 
671 	 1231 	 1076 	 670 
672 	 1242 	 1113 	 472 
669 	 1283 	 1166 	 855 
670 	 1230 	 1184 	 1027 
671 	 1231 	 1209 	 1013 
672 	 1242 	 1270 	 572 
665 	 1265 	 1299 	 854 
666 	 1245 	 1313 	 1122 
667 	 1247 	 1326 	 1150 
668 	 1268 	 1404 	 1121 
669 	 1283 	 1442 	 1231 
670 	 1230 	 1436 	 1126 
671 	 1231 	 1408 	 1059 
672 	 1242 	 1418 	 616 
657 	 1298 	 1437 	 946 
658 	 1299 	 1465 	 1112 
659 	 1288 	 1538 	 1169 
660 	 1312 	 1633 	 1309 
661 	 1283 	 1676 	 1251 
662 	 1255 	 1680 	 1190 
663 	 1225 	 1643 	 1192 
664 	 1283 	 1682 	 1238 
665 	 1265 	 1694 	 1217 
666 	 1245 	 1640 	 1235 
667 	 1247 	 1605 	 1201 
668 	 1268 	 1615 	 1155 
669 	 1283 	 1584 	 1258 
670 	 1230 	 1565 	 1151 
671 	 1231 	 1521 	 1089 
672 	 1242 	 1524 	 656 
673 	 1252 	 1069 	 613 
674 	 1201 	 1071 	 482 
675 	 1221 	 1028 	 586 
676 	 1205 	 1034 	 429 
673 	 1252 	 1126 	 667 
674 	 1201 	 1125 	 908 
675 	 1221 	 1144 	 909 
676 	 1205 	 1168 	 506 
677 	 1237 	 1035 	 615 
678 	 1226 	 1049 	 446 
679 	 1166 	 987 	 544 
680 	 1189 	 1005 	 423 
677 	 1237 	 1111 	 690 
678 	 1226 	 1116 	 907 
679 	 1166 	 1086 	 877 
680 	 1189 	 1120 	 506 
673 	 1252 	 1279 	 730 
674 	 1201 	 1274 	 968 
675 	 1221 	 1275 	 989 
676 	 1205 	 1296 	 935 
677 	 1237 	 1317 	 992 
678 	 1226 	 1301 	 999 
679 	 1166 	 1217 	 917 
680 	 1189 	 1220 	 568 
681 	 1225 	 1011 	 625 
682 	 1196 	 1029 	 489 
683 	 1181 	 996 	 585 
684 	 1182 	 1020 	 416 
681 	 1225 	 1082 	 695 
682 	 1196 	 1111 	 948 
683 	 1181 	 1106 	 899 
684 	 1182 	 1142 	 506 
685 	 1224 	 1024 	 646 
686 	 1154 	 979 	 458 
687 	 1178 	 982 	 568 
688 	 1174 	 973 	 431 
685 	 1224 	 1116 	 697 
686 	 1154 	 1072 	 879 
687 	 1178 	 1075 	 884 
688 	 1174 	 1074 	 504 
681 	 1225 	 1243 	 744 
682 	 1196 	 1261 	 1012 
683 	 1181 	 1268 	 987 
684 	 1182 	 1323 	 973 
685 	 1224 	 1321 	 990 
686 	 1154 	 1231 	 956 
687 	 1178 	 1192 	 930 
688 	 1174 	 1147 	 537 
673 	 1252 	 1481 	 767 
674 	 1201 	 1475 	 998 
675 	 1221 	 1489 	 1017 
676 	 1205 	 1520 	 970 
677 	 1237 	 1565 	 1038 
678 	 1226 	 1564 	 1066 
679 	 1166 	 1480 	 1005 
680 	 1189 	 1490 	 1009 
681 	 1225 	 1494 	 1066 
682 	 1196 	 1487 	 1101 
683 	 1181 	 1456 	 1036 
684 	 1182 	 1467 	 1004 
685 	 1224 	 1442 	 1016 
686 	 1154 	 1331 	 979 
687 	 1178 	 1289 	 945 
688 	 1174 	 1246 	 578 
689 	 1179 	 1008 	 597 
690 	 1160 	 959 	 457 
691 	 1160 	 952 	 571 
692 	 1140 	 951 	 402 
689 	 1179 	 1119 	 656 
690 	 1160 	 1061 	 917 
691 	 1160 	 1055 	 928 
692 	 1140 	 1054 	 488 
693 	 1196 	 996 	 628 
694 	 1156 	 943 	 397 
695 	 1136 	 922 	 503 
696 	 1124 	 915 	 393 
693 	 1196 	 1081 	 686 
694 	 1156 	 1033 	 792 
695 	 1136 	 1007 	 765 
696 	 1124 	 997 	 470 
689 	 1179 	 1238 	 682 
690 	 1160 	 1198 	 966 
691 	 1160 	 1224 	 1002 
692 	 1140 	 1236 	 916 
693 	 1196 	 1253 	 972 
694 	 1156 	 1181 	 879 
695 	 1136 	 1118 	 824 
696 	 1124 	 1090 	 514 
697 	 1154 	 1002 	 547 
698 	 1138 	 929 	 435 
699 	 1105 	 925 	 486 
700 	 1083 	 902 	 348 
697 	 1154 	 1083 	 598 
698 	 1138 	 1039 	 830 
699 	 1105 	 1009 	 746 
700 	 1083 	 979 	 437 
701 	 1135 	 980 	 524 
702 	 1130 	 919 	 390 
703 	 1065 	 892 	 467 
704 	 1092 	 880 	 328 
701 	 1135 	 1067 	 579 
702 	 1130 	 1042 	 772 
703 	 1065 	 973 	 698 
704 	 1092 	 949 	 402 
697 	 1154 	 1192 	 644 
698 	 1138 	 1179 	 885 
699 	 1105 	 1193 	 821 
700 	 1083 	 1184 	 806 
701 	 1135 	 1200 	 810 
702 	 1130 	 1149 	 855 
703 	 1065 	 1050 	 743 
704 	 1092 	 1013 	 448 
689 	 1179 	 1359 	 709 
690 	 1160 	 1335 	 982 
691 	 1160 	 1369 	 1024 
692 	 1140 	 1387 	 939 
693 	 1196 	 1428 	 1015 
694 	 1156 	 1385 	 927 
695 	 1136 	 1352 	 908 
696 	 1124 	 1358 	 909 
697 	 1154 	 1392 	 918 
698 	 1138 	 1340 	 967 
699 	 1105 	 1316 	 866 
700 	 1083 	 1288 	 840 
701 	 1135 	 1283 	 836 
702 	 1130 	 1232 	 883 
703 	 1065 	 1126 	 775 
704 	 1092 	 1091 	 498 
705 	 1103 	 914 	 497 
706 	 1101 	 900 	 328 
707 	 1053 	 885 	 445 
708 	 1049 	 854 	 276 
705 	 1103 	 994 	 546 
706 	 1101 	 997 	 696 
707 	 1053 	 956 	 674 
708 	 1049 	 917 	 351 
709 	 1091 	 925 	 505 
710 	 1084 	 898 	 349 
711 	 1022 	 886 	 417 
712 	 1007 	 835 	 298 
709 	 1091 	 999 	 549 
710 	 1084 	 991 	 709 
711 	 1022 	 936 	 592 
712 	 1007 	 886 	 372 
705 	 1103 	 1098 	 589 
706 	 1101 	 1106 	 736 
707 	 1053 	 1085 	 738 
708 	 1049 	 1068 	 688 
709 	 1091 	 1094 	 775 
710 	 1084 	 1091 	 786 
711 	 1022 	 1032 	 624 
712 	 1007 	 970 	 408 
713 	 1045 	 923 	 466 
714 	 1079 	 899 	 329 
715 	 1020 	 873 	 417 
716 	 1022 	 872 	 302 
713 	 1045 	 998 	 515 
714 	 1079 	 984 	 699 
715 	 1020 	 918 	 667 
716 	 1022 	 916 	 371 
717 	 1038 	 919 	 454 
718 	 1048 	 913 	 291 
719 	 1014 	 889 	 437 
720 	 1016 	 868 	 320 
717 	 1038 	 978 	 502 
718 	 1048 	 1000 	 623 
719 	 1014 	 937 	 647 
720 	 1016 	 919 	 374 
713 	 1045 	 1082 	 551 
714 	 1079 	 1084 	 749 
715 	 1020 	 1025 	 741 
716 	 1022 	 1034 	 705 
717 	 1038 	 1065 	 711 
718 	 1048 	 1099 	 689 
719 	 1014 	 1017 	 690 
720 	 1016 	 1001 	 409 
705 	 1103 	 1231 	 622 
706 	 1101 	 1259 	 767 
707 	 1053 	 1242 	 766 
708 	 1049 	 1230 	 722 
709 	 1091 	 1270 	 828 
710 	 1084 	 1287 	 850 
711 	 1022 	 1240 	 708 
712 	 1007 	 1208 	 731 
713 	 1045 	 1242 	 794 
714 	 1079 	 1243 	 830 
715 	 1020 	 1170 	 787 
716 	 1022 	 1172 	 735 
717 	 1038 	 1191 	 738 
718 	 1048 	 1230 	 711 
719 	 1014 	 1141 	 710 
720 	 1016 	 1113 	 437 
721 	 1010 	 903 	 472 
722 	 1058 	 920 	 314 
723 	 1000 	 878 	 446 
724 	 992 	 862 	 326 
721 	 1010 	 961 	 513 
722 	 1058 	 996 	 699 
723 	 1000 	 917 	 664 
724 	 992 	 894 	 397 
725 	 1003 	 916 	 465 
726 	 1049 	 914 	 331 
727 	 988 	 890 	 452 
728 	 982 	 854 	 329 
725 	 1003 	 1001 	 518 
726 	 1049 	 1019 	 771 
727 	 988 	 938 	 691 
728 	 982 	 886 	 393 
721 	 1010 	 1085 	 553 
722 	 1058 	 1140 	 752 
723 	 1000 	 1069 	 750 
724 	 992 	 1047 	 757 
725 	 1003 	 1063 	 746 
726 	 1049 	 1081 	 844 
727 	 988 	 1004 	 729 
728 	 982 	 957 	 416 
729 	 991 	 902 	 477 
730 	 1033 	 864 	 372 
731 	 980 	 853 	 484 
732 	 974 	 837 	 363 
729 	 991 	 1001 	 537 
730 	 1033 	 969 	 802 
731 	 980 	 880 	 728 
732 	 974 	 862 	 425 
733 	 976 	 883 	 488 
734 	 1003 	 862 	 354 
735 	 1004 	 916 	 548 
736 	 956 	 829 	 383 
733 	 976 	 993 	 547 
734 	 1003 	 987 	 762 
735 	 1004 	 942 	 796 
736 	 956 	 850 	 447 
729 	 991 	 1147 	 555 
730 	 1033 	 1144 	 849 
731 	 980 	 1091 	 802 
732 	 974 	 1079 	 796 
733 	 976 	 1041 	 795 
734 	 1003 	 1038 	 838 
735 	 1004 	 1000 	 835 
736 	 956 	 914 	 474 
721 	 1010 	 1288 	 572 
722 	 1058 	 1359 	 771 
723 	 1000 	 1294 	 770 
724 	 992 	 1285 	 780 
725 	 1003 	 1304 	 771 
726 	 1049 	 1358 	 901 
727 	 988 	 1311 	 822 
728 	 982 	 1280 	 810 
729 	 991 	 1266 	 796 
730 	 1033 	 1259 	 936 
731 	 980 	 1209 	 840 
732 	 974 	 1197 	 821 
733 	 976 	 1157 	 814 
734 	 1003 	 1158 	 849 
735 	 1004 	 1117 	 848 
736 	 956 	 1033 	 479 
737 	 944 	 869 	 460 
738 	 958 	 816 	 318 
739 	 983 	 905 	 511 
740 	 921 	 813 	 374 
737 	 944 	 1000 	 508 
738 	 958 	 953 	 700 
739 	 983 	 924 	 729 
740 	 921 	 827 	 436 
741 	 931 	 877 	 474 
742 	 949 	 831 	 318 
743 	 976 	 888 	 507 
744 	 907 	 797 	 351 
741 	 931 	 999 	 530 
742 	 949 	 958 	 706 
743 	 976 	 904 	 719 
744 	 907 	 808 	 407 
737 	 944 	 1165 	 538 
738 	 958 	 1155 	 741 
739 	 983 	 1172 	 810 
740 	 921 	 1074 	 824 
741 	 931 	 1030 	 768 
742 	 949 	 992 	 772 
743 	 976 	 934 	 762 
744 	 907 	 841 	 432 
745 	 916 	 854 	 443 
746 	 922 	 806 	 292 
747 	 972 	 905 	 557 
748 	 919 	 824 	 304 
745 	 916 	 1003 	 487 
746 	 922 	 936 	 636 
747 	 972 	 921 	 778 
748 	 919 	 839 	 345 
749 	 896 	 864 	 463 
750 	 948 	 845 	 312 
751 	 952 	 900 	 534 
752 	 921 	 822 	 336 
749 	 896 	 1015 	 494 
750 	 948 	 1009 	 717 
751 	 952 	 912 	 726 
752 	 921 	 836 	 376 
745 	 916 	 1194 	 510 
746 	 922 	 1163 	 664 
747 	 972 	 1208 	 843 
748 	 919 	 1095 	 739 
749 	 896 	 1045 	 733 
750 	 948 	 1039 	 770 
751 	 952 	 943 	 757 
752 	 921 	 870 	 395 
737 	 944 	 1276 	 569 
738 	 958 	 1295 	 760 
739 	 983 	 1341 	 830 
740 	 921 	 1279 	 848 
741 	 931 	 1291 	 801 
742 	 949 	 1325 	 820 
743 	 976 	 1340 	 830 
744 	 907 	 1241 	 816 
745 	 916 	 1254 	 748 
746 	 922 	 1237 	 732 
747 	 972 	 1293 	 878 
748 	 919 	 1178 	 760 
749 	 896 	 1138 	 750 
750 	 948 	 1142 	 784 
751 	 952 	 1058 	 765 
752 	 921 	 995 	 414 
753 	 904 	 860 	 456 
754 	 912 	 800 	 264 
755 	 928 	 856 	 513 
756 	 881 	 785 	 324 
753 	 904 	 975 	 507 
754 	 912 	 929 	 632 
755 	 928 	 865 	 725 
756 	 881 	 795 	 361 
757 	 872 	 822 	 434 
758 	 869 	 778 	 299 
759 	 883 	 823 	 492 
760 	 847 	 755 	 320 
757 	 872 	 941 	 477 
758 	 869 	 899 	 662 
759 	 883 	 835 	 705 
760 	 847 	 769 	 358 
753 	 904 	 1185 	 529 
754 	 912 	 1138 	 662 
755 	 928 	 1087 	 781 
756 	 881 	 1002 	 713 
757 	 872 	 967 	 702 
758 	 869 	 931 	 711 
759 	 883 	 869 	 730 
760 	 847 	 805 	 378 
761 	 831 	 770 	 410 
762 	 850 	 765 	 286 
763 	 888 	 834 	 471 
764 	 855 	 763 	 316 
761 	 831 	 891 	 444 
762 	 850 	 877 	 622 
763 	 888 	 849 	 661 
764 	 855 	 778 	 343 
765 	 835 	 768 	 419 
766 	 833 	 746 	 291 
767 	 851 	 789 	 474 
768 	 844 	 752 	 318 
765 	 835 	 887 	 465 
766 	 833 	 848 	 632 
767 	 851 	 804 	 658 
768 	 844 	 770 	 344 
761 	 831 	 1122 	 456 
762 	 850 	 1095 	 641 
763 	 888 	 1095 	 707 
764 	 855 	 993 	 728 
765 	 835 	 919 	 686 
766 	 833 	 880 	 675 
767 	 851 	 835 	 677 
768 	 844 	 803 	 359 
753 	 904 	 1277 	 545 
754 	 912 	 1266 	 675 
755 	 928 	 1286 	 794 
756 	 881 	 1268 	 726 
757 	 872 	 1243 	 728 
758 	 869 	 1264 	 743 
759 	 883 	 1279 	 785 
760 	 847 	 1218 	 737 
761 	 831 	 1182 	 660 
762 	 850 	 1158 	 690 
763 	 888 	 1169 	 728 
764 	 855 	 1068 	 738 
765 	 835 	 992 	 696 
766 	 833 	 956 	 686 
767 	 851 	 917 	 684 
768 	 844 	 881 	 375 
769 	 813 	 747 	 423 
770 	 813 	 724 	 260 
771 	 833 	 761 	 469 
772 	 844 	 744 	 306 
769 	 813 	 847 	 472 
770 	 813 	 817 	 612 
771 	 833 	 774 	 684 
772 	 844 	 757 	 336 
773 	 826 	 752 	 434 
774 	 778 	 686 	 270 
775 	 818 	 745 	 458 
776 	 837 	 744 	 274 
773 	 826 	 832 	 471 
774 	 778 	 757 	 584 
775 	 818 	 757 	 644 
776 	 837 	 760 	 302 
769 	 813 	 1086 	 484 
770 	 813 	 1077 	 628 
771 	 833 	 994 	 722 
772 	 844 	 925 	 709 
773 	 826 	 855 	 662 
774 	 778 	 782 	 618 
775 	 818 	 786 	 658 
776 	 837 	 791 	 311 
777 	 779 	 708 	 389 
778 	 796 	 713 	 275 
779 	 809 	 747 	 471 
780 	 826 	 723 	 278 
777 	 779 	 776 	 425 
778 	 796 	 787 	 626 
779 	 809 	 765 	 663 
780 	 826 	 736 	 309 
781 	 783 	 729 	 444 
782 	 779 	 694 	 258 
783 	 785 	 715 	 436 
784 	 793 	 722 	 287 
781 	 783 	 794 	 479 
782 	 779 	 758 	 631 
783 	 785 	 730 	 633 
784 	 793 	 736 	 316 
777 	 779 	 1038 	 437 
778 	 796 	 1033 	 644 
779 	 809 	 960 	 702 
780 	 826 	 884 	 710 
781 	 783 	 832 	 675 
782 	 779 	 796 	 668 
783 	 785 	 768 	 647 
784 	 793 	 788 	 330 
769 	 813 	 1149 	 500 
770 	 813 	 1180 	 639 
771 	 833 	 1190 	 736 
772 	 844 	 1199 	 730 
773 	 826 	 1176 	 681 
774 	 778 	 1114 	 653 
775 	 818 	 1178 	 704 
776 	 837 	 1203 	 719 
777 	 779 	 1115 	 611 
778 	 796 	 1113 	 680 
779 	 809 	 1053 	 715 
780 	 826 	 980 	 716 
781 	 783 	 929 	 685 
782 	 779 	 887 	 671 
783 	 785 	 861 	 653 
784 	 793 	 866 	 342 
785 	 758 	 691 	 386 
786 	 741 	 666 	 245 
787 	 764 	 701 	 422 
788 	 802 	 721 	 266 
785 	 758 	 745 	 420 
786 	 741 	 717 	 563 
787 	 764 	 725 	 629 
788 	 802 	 744 	 293 
789 	 729 	 660 	 381 
790 	 717 	 638 	 248 
791 	 743 	 670 	 421 
792 	 776 	 697 	 234 
789 	 729 	 714 	 412 
790 	 717 	 680 	 580 
791 	 743 	 696 	 619 
792 	 776 	 713 	 267 
785 	 758 	 1000 	 433 
786 	 741 	 955 	 581 
787 	 764 	 904 	 668 
788 	 802 	 866 	 695 
789 	 729 	 753 	 612 
790 	 717 	 719 	 617 
791 	 743 	 739 	 632 
792 	 776 	 759 	 279 
793 	 734 	 660 	 385 
794 	 726 	 643 	 242 
795 	 728 	 649 	 396 
796 	 767 	 710 	 237 
793 	 734 	 726 	 418 
794 	 726 	 678 	 576 
795 	 728 	 683 	 609 
796 	 767 	 735 	 270 
797 	 749 	 677 	 413 
798 	 713 	 670 	 228 
799 	 726 	 673 	 412 
800 	 750 	 698 	 259 
797 	 749 	 765 	 448 
798 	 713 	 713 	 566 
799 	 726 	 722 	 595 
800 	 750 	 741 	 287 
793 	 734 	 967 	 431 
794 	 726 	 942 	 599 
795 	 728 	 919 	 648 
796 	 767 	 931 	 685 
797 	 749 	 835 	 645 
798 	 713 	 776 	 605 
799 	 726 	 782 	 605 
800 	 750 	 802 	 297 
785 	 758 	 1050 	 451 
786 	 741 	 1049 	 590 
787 	 764 	 1085 	 685 
788 	 802 	 1149 	 717 
789 	 729 	 1054 	 625 
790 	 717 	 1008 	 638 
791 	 743 	 1078 	 671 
792 	 776 	 1104 	 700 
793 	 734 	 1076 	 636 
794 	 726 	 1043 	 637 
795 	 728 	 1021 	 663 
796 	 767 	 1039 	 695 
797 	 749 	 928 	 649 
798 	 713 	 866 	 609 
799 	 726 	 861 	 613 
800 	 750 	 871 	 298 
801 	 744 	 695 	 422 
802 	 695 	 661 	 239 
803 	 699 	 666 	 382 
804 	 762 	 732 	 254 
801 	 744 	 778 	 454 
802 	 695 	 725 	 575 
803 	 699 	 715 	 594 
804 	 762 	 780 	 290 
805 	 738 	 700 	 455 
806 	 716 	 694 	 246 
807 	 708 	 679 	 418 
808 	 756 	 715 	 242 
805 	 738 	 807 	 481 
806 	 716 	 781 	 632 
807 	 708 	 721 	 644 
808 	 756 	 758 	 270 
801 	 744 	 995 	 467 
802 	 695 	 965 	 592 
803 	 699 	 931 	 621 
804 	 762 	 947 	 758 
805 	 738 	 912 	 696 
806 	 716 	 874 	 662 
807 	 708 	 813 	 652 
808 	 756 	 856 	 282 
809 	 733 	 700 	 485 
810 	 704 	 676 	 258 
811 	 676 	 662 	 447 
812 	 693 	 668 	 242 
809 	 733 	 805 	 516 
810 	 704 	 774 	 643 
811 	 676 	 707 	 691 
812 	 693 	 720 	 277 
813 	 742 	 742 	 451 
814 	 680 	 672 	 235 
815 	 686 	 697 	 415 
816 	 710 	 696 	 238 
813 	 742 	 838 	 485 
814 	 680 	 778 	 653 
815 	 686 	 739 	 670 
816 	 710 	 746 	 268 
809 	 733 	 1026 	 520 
810 	 704 	 971 	 661 
811 	 676 	 915 	 727 
812 	 693 	 875 	 683 
813 	 742 	 939 	 714 
814 	 680 	 861 	 687 
815 	 686 	 840 	 674 
816 	 710 	 866 	 268 
801 	 744 	 1052 	 473 
802 	 695 	 1049 	 599 
803 	 699 	 1056 	 626 
804 	 762 	 1181 	 764 
805 	 738 	 1189 	 705 
806 	 716 	 1162 	 677 
807 	 708 	 1132 	 689 
808 	 756 	 1221 	 734 
809 	 733 	 1212 	 758 
810 	 704 	 1151 	 692 
811 	 676 	 1085 	 738 
812 	 693 	 1034 	 689 
813 	 742 	 1091 	 717 
814 	 680 	 1001 	 690 
815 	 686 	 953 	 676 
816 	 710 	 951 	 275 
817 	 717 	 715 	 462 
818 	 666 	 663 	 280 
819 	 623 	 623 	 398 
820 	 639 	 627 	 240 
817 	 717 	 800 	 496 
818 	 666 	 717 	 648 
819 	 623 	 668 	 608 
820 	 639 	 667 	 261 
821 	 670 	 660 	 464 
822 	 596 	 579 	 257 
823 	 598 	 591 	 371 
824 	 603 	 597 	 278 
821 	 670 	 706 	 502 
822 	 596 	 610 	 609 
823 	 598 	 626 	 564 
824 	 603 	 639 	 299 
817 	 717 	 1007 	 501 
818 	 666 	 902 	 670 
819 	 623 	 840 	 626 
820 	 639 	 792 	 661 
821 	 670 	 803 	 720 
822 	 596 	 730 	 628 
823 	 598 	 783 	 567 
824 	 603 	 817 	 301 
825 	 598 	 591 	 377 
826 	 569 	 554 	 232 
827 	 544 	 552 	 351 
828 	 574 	 559 	 241 
825 	 598 	 642 	 400 
826 	 569 	 587 	 588 
827 	 544 	 580 	 605 
828 	 574 	 607 	 263 
829 	 594 	 584 	 427 
830 	 567 	 564 	 240 
831 	 548 	 542 	 397 
832 	 540 	 540 	 217 
829 	 594 	 652 	 448 
830 	 567 	 608 	 628 
831 	 548 	 585 	 606 
832 	 540 	 621 	 230 
825 	 598 	 843 	 407 
826 	 569 	 773 	 600 
827 	 544 	 726 	 628 
828 	 574 	 736 	 629 
829 	 594 	 759 	 672 
830 	 567 	 755 	 646 
831 	 548 	 728 	 610 
832 	 540 	 724 	 233 
817 	 717 	 1059 	 506 
818 	 666 	 981 	 668 
819 	 623 	 979 	 631 
820 	 639 	 982 	 670 
821 	 670 	 1078 	 723 
822 	 596 	 986 	 639 
823 	 598 	 1068 	 600 
824 	 603 	 1084 	 671 
825 	 598 	 1119 	 627 
826 	 569 	 1013 	 620 
827 	 544 	 953 	 632 
828 	 574 	 927 	 637 
829 	 594 	 913 	 675 
830 	 567 	 860 	 645 
831 	 548 	 800 	 615 
832 	 540 	 772 	 236 
833 	 566 	 546 	 367 
834 	 578 	 577 	 232 
835 	 545 	 524 	 364 
836 	 548 	 572 	 189 
833 	 566 	 605 	 380 
834 	 578 	 605 	 611 
835 	 545 	 604 	 521 
836 	 548 	 686 	 212 
837 	 524 	 517 	 381 
838 	 545 	 584 	 204 
839 	 534 	 530 	 366 
840 	 580 	 626 	 186 
837 	 524 	 639 	 393 
838 	 545 	 639 	 551 
839 	 534 	 688 	 514 
840 	 580 	 733 	 205 
833 	 566 	 716 	 388 
834 	 578 	 728 	 626 
835 	 545 	 747 	 539 
836 	 548 	 840 	 529 
837 	 524 	 855 	 558 
838 	 545 	 830 	 573 
839 	 534 	 772 	 521 
840 	 580 	 786 	 213 
841 	 592 	 554 	 358 
842 	 535 	 525 	 179 
843 	 492 	 446 	 303 
844 	 427 	 410 	 136 
841 	 592 	 647 	 368 
842 	 535 	 606 	 464 
843 	 492 	 543 	 423 
844 	 427 	 469 	 153 
845 	 398 	 380 	 306 
846 	 369 	 371 	 136 
847 	 341 	 331 	 268 
848 	 321 	 322 	 138 
845 	 398 	 430 	 318 
846 	 369 	 425 	 366 
847 	 341 	 392 	 369 
848 	 321 	 371 	 163 
841 	 592 	 675 	 378 
842 	 535 	 656 	 471 
843 	 492 	 618 	 439 
844 	 427 	 558 	 392 
845 	 398 	 534 	 423 
846 	 369 	 487 	 381 
847 	 341 	 427 	 380 
848 	 321 	 396 	 171 
833 	 566 	 730 	 395 
834 	 578 	 747 	 629 
835 	 545 	 770 	 542 
836 	 548 	 865 	 533 
837 	 524 	 909 	 569 
838 	 545 	 957 	 585 
839 	 534 	 942 	 538 
840 	 580 	 962 	 553 
841 	 592 	 911 	 536 
842 	 535 	 773 	 490 
843 	 492 	 683 	 449 
844 	 427 	 597 	 401 
845 	 398 	 562 	 429 
846 	 369 	 513 	 389 
847 	 341 	 451 	 387 
848 	 321 	 425 	 187 
849 	 307 	 305 	 222 
850 	 328 	 310 	 118 
851 	 291 	 281 	 243 
852 	 284 	 267 	 118 
849 	 307 	 327 	 237 
850 	 328 	 351 	 353 
851 	 291 	 324 	 337 
852 	 284 	 314 	 140 
853 	 296 	 273 	 209 
854 	 287 	 258 	 125 
855 	 280 	 283 	 185 
856 	 332 	 278 	 104 
853 	 296 	 276 	 220 
854 	 287 	 269 	 297 
855 	 280 	 340 	 290 
856 	 332 	 344 	 113 
849 	 307 	 334 	 246 
850 	 328 	 359 	 366 
851 	 291 	 340 	 358 
852 	 284 	 343 	 323 
853 	 296 	 367 	 312 
854 	 287 	 365 	 319 
855 	 280 	 419 	 299 
856 	 332 	 409 	 118 
857 	 410 	 404 	 294 
858 	 469 	 427 	 172 
859 	 573 	 508 	 334 
860 	 434 	 371 	 156 
857 	 410 	 467 	 302 
858 	 469 	 611 	 513 
859 	 573 	 587 	 483 
860 	 434 	 430 	 172 
861 	 400 	 364 	 350 
862 	 398 	 332 	 180 
863 	 366 	 333 	 280 
864 	 375 	 328 	 149 
861 	 400 	 405 	 365 
862 	 398 	 389 	 450 
863 	 366 	 389 	 420 
864 	 375 	 395 	 165 
857 	 410 	 468 	 306 
858 	 469 	 617 	 515 
859 	 573 	 628 	 506 
860 	 434 	 516 	 469 
861 	 400 	 531 	 520 
862 	 398 	 536 	 477 
863 	 366 	 526 	 427 
864 	 375 	 515 	 176 
849 	 307 	 336 	 255 
850 	 328 	 360 	 374 
851 	 291 	 341 	 366 
852 	 284 	 344 	 331 
853 	 296 	 368 	 319 
854 	 287 	 366 	 327 
855 	 280 	 463 	 321 
856 	 332 	 524 	 335 
857 	 410 	 646 	 441 
858 	 469 	 785 	 538 
859 	 573 	 755 	 510 
860 	 434 	 628 	 471 
861 	 400 	 618 	 525 
862 	 398 	 595 	 479 
863 	 366 	 555 	 431 
864 	 375 	 534 	 177 
865 	 359 	 328 	 247 
866 	 393 	 362 	 149 
867 	 371 	 337 	 321 
868 	 345 	 317 	 148 
865 	 359 	 362 	 259 
866 	 393 	 410 	 435 
867 	 371 	 393 	 444 
868 	 345 	 386 	 170 
869 	 349 	 307 	 224 
870 	 365 	 327 	 140 
871 	 343 	 309 	 231 
872 	 345 	 334 	 145 
869 	 349 	 338 	 236 
870 	 365 	 353 	 349 
871 	 343 	 357 	 344 
872 	 345 	 380 	 165 
865 	 359 	 364 	 263 
866 	 393 	 422 	 441 
867 	 371 	 425 	 467 
868 	 345 	 433 	 366 
869 	 349 	 456 	 369 
870 	 365 	 482 	 374 
871 	 343 	 479 	 354 
872 	 345 	 486 	 168 
873 	 344 	 331 	 210 
874 	 370 	 359 	 137 
875 	 362 	 334 	 274 
876 	 356 	 346 	 178 
873 	 344 	 361 	 230 
874 	 370 	 391 	 366 
875 	 362 	 393 	 397 
876 	 356 	 407 	 199 
877 	 360 	 341 	 239 
878 	 372 	 333 	 170 
879 	 359 	 329 	 190 
880 	 342 	 315 	 141 
877 	 360 	 365 	 259 
878 	 372 	 359 	 374 
879 	 359 	 368 	 285 
880 	 342 	 358 	 163 
873 	 344 	 376 	 237 
874 	 370 	 419 	 370 
875 	 362 	 440 	 423 
876 	 356 	 452 	 412 
877 	 360 	 473 	 363 
878 	 372 	 484 	 395 
879 	 359 	 510 	 301 
880 	 342 	 484 	 173 
865 	 359 	 370 	 266 
866 	 393 	 428 	 444 
867 	 371 	 432 	 469 
868 	 345 	 440 	 368 
869 	 349 	 471 	 376 
870 	 365 	 515 	 378 
871 	 343 	 531 	 371 
872 	 345 	 543 	 371 
873 	 344 	 580 	 356 
874 	 370 	 623 	 407 
875 	 362 	 623 	 431 
876 	 356 	 599 	 420 
877 	 360 	 600 	 369 
878 	 372 	 590 	 399 
879 	 359 	 596 	 299 
880 	 342 	 544 	 175 
881 	 342 	 312 	 183 
882 	 341 	 317 	 126 
883 	 363 	 333 	 192 
884 	 353 	 342 	 145 
881 	 342 	 326 	 212 
882 	 341 	 331 	 265 
883 	 363 	 370 	 266 
884 	 353 	 381 	 169 
885 	 374 	 352 	 204 
886 	 390 	 347 	 151 
887 	 408 	 362 	 242 
888 	 382 	 351 	 181 
885 	 374 	 376 	 217 
886 	 390 	 370 	 329 
887 	 408 	 391 	 355 
888 	 382 	 377 	 216 
881 	 342 	 365 	 222 
882 	 341 	 371 	 280 
883 	 363 	 411 	 296 
884 	 353 	 419 	 326 
885 	 374 	 456 	 324 
886 	 390 	 450 	 354 
887 	 408 	 474 	 369 
888 	 382 	 449 	 228 
889 	 380 	 347 	 207 
890 	 380 	 336 	 156 
891 	 386 	 343 	 197 
892 	 378 	 344 	 159 
889 	 380 	 366 	 228 
890 	 380 	 364 	 325 
891 	 386 	 365 	 287 
892 	 378 	 366 	 185 
893 	 365 	 333 	 187 
894 	 392 	 319 	 137 
895 	 407 	 359 	 237 
896 	 403 	 344 	 157 
893 	 365 	 374 	 211 
894 	 392 	 367 	 288 
895 	 407 	 368 	 337 
896 	 403 	 355 	 186 
889 	 380 	 406 	 239 
890 	 380 	 421 	 336 
891 	 386 	 423 	 309 
892 	 378 	 427 	 326 
893 	 365 	 417 	 331 
894 	 392 	 397 	 319 
895 	 407 	 409 	 357 
896 	 403 	 395 	 202 
881 	 342 	 396 	 228 
882 	 341 	 410 	 289 
883 	 363 	 463 	 303 
884 	 353 	 474 	 339 
885 	 374 	 513 	 335 
886 	 390 	 518 	 371 
887 	 408 	 551 	 398 
888 	 382 	 528 	 396 
889 	 380 	 541 	 367 
890 	 380 	 545 	 363 
891 	 386 	 551 	 319 
892 	 378 	 542 	 333 
893 	 365 	 523 	 342 
894 	 392 	 490 	 324 
895 	 407 	 493 	 368 
896 	 403 	 472 	 219 
897 	 399 	 362 	 237 
898 	 393 	 361 	 172 
899 	 408 	 403 	 271 
900 	 389 	 344 	 191 
897 	 399 	 423 	 262 
898 	 393 	 430 	 362 
899 	 408 	 422 	 387 
900 	 389 	 365 	 221 
901 	 408 	 390 	 248 
902 	 412 	 354 	 165 
903 	 437 	 421 	 295 
904 	 434 	 376 	 232 
901 	 408 	 441 	 280 
902 	 412 	 422 	 370 
903 	 437 	 428 	 436 
904 	 434 	 387 	 258 
897 	 399 	 482 	 274 
898 	 393 	 498 	 378 
899 	 408 	 507 	 412 
900 	 389 	 473 	 405 
901 	 408 	 476 	 445 
902 	 412 	 460 	 403 
903 	 437 	 467 	 447 
904 	 434 	 423 	 264 
905 	 452 	 417 	 370 
906 	 450 	 404 	 250 
907 	 464 	 435 	 367 
908 	 456 	 418 	 279 
905 	 452 	 450 	 406 
906 	 450 	 441 	 523 
907 	 464 	 449 	 533 
908 	 456 	 436 	 323 
909 	 454 	 426 	 364 
910 	 481 	 449 	 249 
911 	 482 	 464 	 402 
912 	 498 	 472 	 249 
909 	 454 	 474 	 401 
910 	 481 	 501 	 557 
911 	 482 	 489 	 551 
912 	 498 	 507 	 304 
905 	 452 	 525 	 426 
906 	 450 	 521 	 540 
907 	 464 	 537 	 568 
908 	 456 	 508 	 626 
909 	 454 	 517 	 567 
910 	 481 	 549 	 591 
911 	 482 	 546 	 571 
912 	 498 	 576 	 331 
897 	 399 	 539 	 280 
898 	 393 	 561 	 388 
899 	 408 	 581 	 418 
900 	 389 	 565 	 418 
901 	 408 	 576 	 460 
902 	 412 	 579 	 421 
903 	 437 	 597 	 484 
904 	 434 	 579 	 554 
905 	 452 	 579 	 590 
906 	 450 	 573 	 572 
907 	 464 	 594 	 581 
908 	 456 	 561 	 632 
909 	 454 	 569 	 580 
910 	 481 	 597 	 599 
911 	 482 	 589 	 578 
912 	 498 	 616 	 344 
913 	 493 	 458 	 349 
914 	 505 	 497 	 242 
915 	 507 	 479 	 414 
916 	 505 	 476 	 254 
913 	 493 	 513 	 390 
914 	 505 	 536 	 570 
915 	 507 	 558 	 602 
916 	 505 	 562 	 289 
917 	 487 	 471 	 377 
918 	 515 	 478 	 255 
919 	 548 	 532 	 409 
920 	 593 	 485 	 256 
917 	 487 	 539 	 429 
918 	 515 	 552 	 579 
919 	 548 	 606 	 583 
920 	 593 	 551 	 292 
913 	 493 	 597 	 412 
914 	 505 	 640 	 596 
915 	 507 	 664 	 624 
916 	 505 	 677 	 650 
917 	 487 	 681 	 597 
918 	 515 	 668 	 607 
919 	 548 	 699 	 603 
920 	 593 	 617 	 320 
921 	 531 	 459 	 358 
922 	 492 	 419 	 214 
923 	 496 	 442 	 327 
924 	 500 	 429 	 193 
921 	 531 	 485 	 404 
922 	 492 	 464 	 459 
923 	 496 	 480 	 452 
924 	 500 	 479 	 243 
925 	 505 	 448 	 319 
926 	 510 	 441 	 203 
927 	 520 	 442 	 316 
928 	 530 	 441 	 245 
925 	 505 	 490 	 355 
926 	 510 	 490 	 454 
927 	 520 	 498 	 462 
928 	 530 	 496 	 287 
921 	 531 	 543 	 432 
922 	 492 	 526 	 480 
923 	 496 	 552 	 469 
924 	 500 	 558 	 492 
925 	 505 	 578 	 509 
926 	 510 	 570 	 488 
927 	 520 	 559 	 488 
928 	 530 	 541 	 328 
913 	 493 	 647 	 418 
914 	 505 	 700 	 605 
915 	 507 	 727 	 640 
916 	 505 	 750 	 658 
917 	 487 	 770 	 609 
918 	 515 	 751 	 625 
919 	 548 	 786 	 633 
920 	 593 	 746 	 640 
921 	 531 	 703 	 573 
922 	 492 	 681 	 512 
923 	 496 	 694 	 496 
924 	 500 	 682 	 508 
925 	 505 	 695 	 512 
926 	 510 	 669 	 501 
927 	 520 	 649 	 496 
928 	 530 	 627 	 360 
929 	 511 	 423 	 340 
930 	 503 	 429 	 186 
931 	 505 	 420 	 278 
932 	 465 	 397 	 163 
929 	 511 	 452 	 381 
930 	 503 	 461 	 379 
931 	 505 	 441 	 395 
932 	 465 	 412 	 210 
933 	 449 	 390 	 249 
934 	 444 	 372 	 199 
935 	 439 	 370 	 277 
936 	 476 	 395 	 185 
933 	 449 	 409 	 300 
934 	 444 	 391 	 348 
935 	 439 	 381 	 383 
936 	 476 	 406 	 238 
929 	 511 	 473 	 413 
930 	 503 	 485 	 403 
931 	 505 	 471 	 441 
932 	 465 	 451 	 388 
933 	 449 	 448 	 411 
934 	 444 	 422 	 383 
935 	 439 	 419 	 413 
936 	 476 	 456 	 285 
937 	 490 	 409 	 350 
938 	 503 	 440 	 231 
939 	 487 	 434 	 353 
940 	 540 	 450 	 236 
937 	 490 	 439 	 383 
938 	 503 	 469 	 502 
939 	 487 	 496 	 512 
940 	 540 	 535 	 318 
941 	 568 	 487 	 532 
942 	 576 	 504 	 271 
943 	 523 	 450 	 431 
944 	 518 	 441 	 255 
941 	 568 	 509 	 601 
942 	 576 	 533 	 635 
943 	 523 	 514 	 651 
944 	 518 	 505 	 361 
937 	 490 	 508 	 437 
938 	 503 	 549 	 531 
939 	 487 	 597 	 544 
940 	 540 	 638 	 660 
941 	 568 	 593 	 767 
942 	 576 	 621 	 693 
943 	 523 	 591 	 688 
944 	 518 	 575 	 418 
929 	 511 	 514 	 462 
930 	 503 	 525 	 433 
931 	 505 	 512 	 468 
932 	 465 	 494 	 428 
933 	 449 	 505 	 442 
934 	 444 	 500 	 409 
935 	 439 	 509 	 447 
936 	 476 	 537 	 482 
937 	 490 	 575 	 549 
938 	 503 	 620 	 564 
939 	 487 	 669 	 565 
940 	 540 	 687 	 681 
941 	 568 	 623 	 793 
942 	 576 	 651 	 713 
943 	 523 	 623 	 714 
944 	 518 	 611 	 448 
945 	 488 	 412 	 385 
946 	 475 	 409 	 229 
947 	 459 	 404 	 301 
948 	 466 	 395 	 222 
945 	 488 	 450 	 427 
946 	 475 	 446 	 504 
947 	 459 	 442 	 477 
948 	 466 	 447 	 261 
949 	 449 	 385 	 282 
950 	 446 	 385 	 215 
951 	 425 	 364 	 235 
952 	 451 	 410 	 185 
949 	 449 	 427 	 301 
950 	 446 	 407 	 411 
951 	 425 	 407 	 409 
952 	 451 	 452 	 222 
945 	 488 	 523 	 439 
946 	 475 	 514 	 518 
947 	 459 	 513 	 496 
948 	 466 	 519 	 508 
949 	 449 	 505 	 462 
950 	 446 	 481 	 438 
951 	 425 	 472 	 415 
952 	 451 	 509 	 248 
953 	 472 	 405 	 308 
954 	 420 	 390 	 205 
955 	 411 	 371 	 218 
956 	 440 	 415 	 172 
953 	 472 	 441 	 335 
954 	 420 	 411 	 398 
955 	 411 	 419 	 389 
956 	 440 	 467 	 196 
957 	 432 	 389 	 285 
958 	 419 	 416 	 181 
959 	 404 	 385 	 240 
960 	 408 	 395 	 194 
957 	 432 	 432 	 317 
958 	 419 	 438 	 402 
959 	 404 	 461 	 429 
960 	 408 	 483 	 218 
953 	 472 	 558 	 348 
954 	 420 	 533 	 411 
955 	 411 	 531 	 401 
956 	 440 	 572 	 447 
957 	 432 	 534 	 480 
958 	 419 	 537 	 424 
959 	 404 	 531 	 435 
960 	 408 	 533 	 223 
945 	 488 	 587 	 440 
946 	 475 	 597 	 525 
947 	 459 	 602 	 507 
948 	 466 	 632 	 514 
949 	 449 	 650 	 478 
950 	 446 	 631 	 452 
951 	 425 	 636 	 438 
952 	 451 	 668 	 475 
953 	 472 	 697 	 509 
954 	 420 	 642 	 452 
955 	 411 	 634 	 416 
956 	 440 	 667 	 453 
957 	 432 	 604 	 479 
958 	 419 	 585 	 428 
959 	 404 	 563 	 438 
960 	 408 	 555 	 228 
961 	 425 	 402 	 296 
962 	 398 	 398 	 199 
963 	 377 	 362 	 222 
964 	 384 	 384 	 182 
961 	 425 	 436 	 318 
962 	 398 	 425 	 441 
963 	 377 	 436 	 395 
964 	 384 	 447 	 207 
965 	 407 	 383 	 297 
966 	 395 	 399 	 184 
967 	 381 	 366 	 243 
968 	 381 	 387 	 174 
965 	 407 	 425 	 321 
966 	 395 	 439 	 419 
967 	 381 	 439 	 389 
968 	 381 	 446 	 198 
961 	 425 	 531 	 323 
962 	 398 	 512 	 452 
963 	 377 	 524 	 422 
964 	 384 	 532 	 439 
965 	 407 	 546 	 475 
966 	 395 	 531 	 440 
967 	 381 	 505 	 394 
968 	 381 	 490 	 204 
969 	 395 	 368 	 311 
970 	 385 	 393 	 184 
971 	 363 	 361 	 275 
972 	 379 	 365 	 168 
969 	 395 	 427 	 329 
970 	 385 	 453 	 474 
971 	 363 	 434 	 427 
972 	 379 	 426 	 191 
973 	 404 	 395 	 342 
974 	 380 	 362 	 210 
975 	 385 	 386 	 305 
976 	 395 	 372 	 173 
973 	 404 	 510 	 353 
974 	 380 	 456 	 460 
975 	 385 	 412 	 450 
976 	 395 	 389 	 199 
969 	 395 	 551 	 331 
970 	 385 	 599 	 481 
971 	 363 	 600 	 444 
972 	 379 	 609 	 437 
973 	 404 	 601 	 516 
974 	 380 	 518 	 465 
975 	 385 	 460 	 462 
976 	 395 	 429 	 207 
961 	 425 	 609 	 330 
962 	 398 	 591 	 457 
963 	 377 	 620 	 429 
964 	 384 	 647 	 442 
965 	 407 	 695 	 482 
966 	 395 	 689 	 447 
967 	 381 	 680 	 426 
968 	 381 	 686 	 423 
969 	 395 	 687 	 504 
970 	 385 	 694 	 494 
971 	 363 	 652 	 445 
972 	 379 	 642 	 443 
973 	 404 	 631 	 517 
974 	 380 	 553 	 469 
975 	 385 	 494 	 460 
976 	 395 	 468 	 219 
977 	 422 	 427 	 352 
978 	 429 	 384 	 153 
979 	 405 	 421 	 317 
980 	 401 	 344 	 185 
977 	 422 	 597 	 359 
978 	 429 	 528 	 460 
979 	 405 	 434 	 439 
980 	 401 	 345 	 210 
981 	 413 	 444 	 342 
982 	 416 	 369 	 186 
983 	 404 	 434 	 299 
984 	 401 	 356 	 154 
981 	 413 	 596 	 345 
982 	 416 	 541 	 493 
983 	 404 	 437 	 434 
984 	 401 	 359 	 175 
977 	 422 	 662 	 368 
978 	 429 	 665 	 463 
979 	 405 	 641 	 445 
980 	 401 	 618 	 514 
981 	 413 	 599 	 480 
982 	 416 	 544 	 498 
983 	 404 	 440 	 445 
984 	 401 	 362 	 187 
985 	 404 	 425 	 286 
986 	 385 	 348 	 143 
987 	 353 	 355 	 285 
988 	 325 	 316 	 141 
985 	 404 	 548 	 302 
986 	 385 	 464 	 373 
987 	 353 	 362 	 391 
988 	 325 	 320 	 160 
989 	 321 	 322 	 223 
990 	 327 	 302 	 134 
991 	 310 	 291 	 177 
992 	 280 	 264 	 113 
989 	 321 	 401 	 236 
990 	 327 	 341 	 300 
991 	 310 	 305 	 278 
992 	 280 	 272 	 138 
985 	 404 	 584 	 314 
986 	 385 	 533 	 381 
987 	 353 	 486 	 407 
988 	 325 	 435 	 337 
989 	 321 	 411 	 335 
990 	 327 	 357 	 321 
991 	 310 	 321 	 297 
992 	 280 	 288 	 172 
977 	 422 	 690 	 369 
978 	 429 	 693 	 470 
979 	 405 	 670 	 453 
980 	 401 	 657 	 517 
981 	 413 	 657 	 485 
982 	 416 	 651 	 510 
983 	 404 	 621 	 457 
984 	 401 	 600 	 448 
985 	 404 	 592 	 436 
986 	 385 	 539 	 397 
987 	 353 	 491 	 415 
988 	 325 	 443 	 345 
989 	 321 	 420 	 343 
990 	 327 	 362 	 325 
991 	 310 	 324 	 305 
992 	 280 	 291 	 196 
993 	 274 	 245 	 117 
994 	 266 	 242 	 94 
995 	 257 	 234 	 106 
996 	 260 	 235 	 90 
993 	 274 	 255 	 141 
994 	 266 	 254 	 188 
995 	 257 	 254 	 154 
996 	 260 	 255 	 104 
997 	 257 	 231 	 154 
998 	 277 	 254 	 101 
999 	 254 	 233 	 127 
1000 	 254 	 239 	 94 
997 	 257 	 240 	 158 
998 	 277 	 266 	 225 
999 	 254 	 269 	 198 
1000 	 254 	 282 	 115 
993 	 274 	 302 	 155 
994 	 266 	 289 	 204 
995 	 257 	 277 	 178 
996 	 260 	 276 	 198 
997 	 257 	 279 	 224 
998 	 277 	 307 	 237 
999 	 254 	 302 	 204 
1000 	 254 	 306 	 124 
1001 	 265 	 246 	 160 
1002 	 279 	 258 	 110 
1003 	 280 	 282 	 221 
1004 	 297 	 268 	 136 
1001 	 265 	 285 	 175 
1002 	 279 	 314 	 281 
1003 	 280 	 334 	 314 
1004 	 297 	 306 	 146 
1005 	 300 	 286 	 250 
1006 	 328 	 273 	 131 
1007 	 328 	 255 	 230 
1008 	 301 	 230 	 136 
1005 	 300 	 335 	 253 
1006 	 328 	 339 	 322 
1007 	 328 	 315 	 355 
1008 	 301 	 242 	 146 
1001 	 265 	 347 	 181 
1002 	 279 	 393 	 289 
1003 	 280 	 413 	 320 
1004 	 297 	 428 	 349 
1005 	 300 	 418 	 362 
1006 	 328 	 363 	 333 
1007 	 328 	 319 	 354 
1008 	 301 	 245 	 150 
993 	 274 	 356 	 168 
994 	 266 	 357 	 211 
995 	 257 	 353 	 185 
996 	 260 	 354 	 206 
997 	 257 	 356 	 229 
998 	 277 	 391 	 243 
999 	 254 	 385 	 224 
1000 	 254 	 394 	 224 
1001 	 265 	 410 	 243 
1002 	 279 	 437 	 300 
1003 	 280 	 435 	 323 
1004 	 297 	 443 	 354 
1005 	 300 	 430 	 364 
1006 	 328 	 370 	 338 
1007 	 328 	 324 	 354 
1008 	 301 	 252 	 154 
1009 	 384 	 292 	 269 
1010 	 352 	 244 	 119 
1011 	 513 	 591 	 323 
1012 	 472 	 408 	 176 
1009 	 384 	 395 	 274 
1010 	 352 	 516 	 385 
1011 	 513 	 632 	 434 
1012 	 472 	 421 	 186 
1013 	 106 	 90 	 41 
1014 	 0 	 0 	 1 
1013 	 106 	 90 	 41 
1014 	 0 	 0 	 1 
1015 	 0 	 0 	 1 
1016 	 0 	 0 	 1 
1009 	 384 	 395 	 280 
1010 	 352 	 516 	 385 
1011 	 513 	 651 	 435 
1012 	 472 	 467 	 305 
1013 	 106 	 100 	 110 
1014 	 0 	 0 	 1 
1015 	 0 	 0 	 1 
1016 	 0 	 0 	 1 
1009 	 384 	 395 	 280 
1010 	 352 	 516 	 385 
1011 	 513 	 651 	 435 
1012 	 472 	 467 	 305 
1013 	 106 	 100 	 110 
1014 	 0 	 0 	 1 
1015 	 0 	 0 	 1 
1016 	 0 	 0 	 1 
1017 	 0 	 0 	 1 
1018 	 0 	 0 	 1 
1019 	 0 	 0 	 1 
1020 	 0 	 0 	 1 
1021 	 0 	 0 	 1 
1022 	 0 	 0 	 1 
1023 	 0 	 0 	 1 
1024 	 0 	 0 	 1 
