9 	 1 
10 	 1 
11 	 434 
12 	 344 
9 	 1 
10 	 138 
11 	 468 
12 	 329 
13 	 451 
14 	 344 
15 	 316 
16 	 245 
13 	 473 
14 	 623 
15 	 528 
16 	 314 
9 	 1 
10 	 147 
11 	 474 
12 	 737 
13 	 722 
14 	 606 
15 	 495 
16 	 305 
1 	 1 
2 	 1 
3 	 1 
4 	 1 
5 	 1 
6 	 1 
7 	 1 
8 	 1 
9 	 1 
10 	 147 
11 	 474 
12 	 737 
13 	 722 
14 	 606 
15 	 495 
16 	 305 
17 	 375 
18 	 282 
19 	 419 
20 	 322 
17 	 415 
18 	 504 
19 	 566 
20 	 382 
21 	 404 
22 	 301 
23 	 451 
24 	 367 
21 	 447 
22 	 533 
23 	 613 
24 	 424 
17 	 450 
18 	 527 
19 	 602 
20 	 585 
21 	 562 
22 	 545 
23 	 596 
24 	 385 
25 	 362 
26 	 286 
27 	 355 
28 	 264 
25 	 409 
26 	 512 
27 	 515 
28 	 322 
29 	 353 
30 	 253 
31 	 400 
32 	 292 
29 	 369 
30 	 476 
31 	 575 
32 	 347 
25 	 429 
26 	 526 
27 	 534 
28 	 563 
29 	 572 
30 	 538 
31 	 589 
32 	 352 
17 	 500 
18 	 540 
19 	 609 
20 	 589 
21 	 562 
22 	 554 
23 	 615 
24 	 621 
25 	 598 
26 	 559 
27 	 536 
28 	 558 
29 	 568 
30 	 535 
31 	 598 
32 	 418 
33 	 376 
34 	 264 
35 	 368 
36 	 262 
33 	 407 
34 	 541 
35 	 528 
36 	 291 
37 	 312 
38 	 219 
39 	 297 
40 	 215 
37 	 329 
38 	 410 
39 	 431 
40 	 254 
33 	 416 
34 	 556 
35 	 551 
36 	 500 
37 	 471 
38 	 460 
39 	 449 
40 	 265 
41 	 283 
42 	 206 
43 	 301 
44 	 207 
41 	 310 
42 	 386 
43 	 396 
44 	 242 
45 	 274 
46 	 195 
47 	 268 
48 	 202 
45 	 303 
46 	 369 
47 	 378 
48 	 235 
41 	 318 
42 	 397 
43 	 418 
44 	 425 
45 	 435 
46 	 410 
47 	 405 
48 	 248 
33 	 426 
34 	 564 
35 	 559 
36 	 505 
37 	 479 
38 	 465 
39 	 471 
40 	 451 
41 	 441 
42 	 445 
43 	 438 
44 	 432 
45 	 435 
46 	 412 
47 	 404 
48 	 254 
49 	 247 
50 	 175 
51 	 248 
52 	 185 
49 	 278 
50 	 342 
51 	 330 
52 	 207 
53 	 274 
54 	 173 
55 	 282 
56 	 193 
53 	 298 
54 	 331 
55 	 357 
56 	 220 
49 	 284 
50 	 354 
51 	 359 
52 	 386 
53 	 414 
54 	 369 
55 	 379 
56 	 249 
57 	 288 
58 	 197 
59 	 305 
60 	 212 
57 	 329 
58 	 390 
59 	 402 
60 	 258 
61 	 304 
62 	 191 
63 	 288 
64 	 213 
61 	 330 
62 	 337 
63 	 376 
64 	 242 
57 	 342 
58 	 410 
59 	 435 
60 	 484 
61 	 458 
62 	 376 
63 	 397 
64 	 267 
49 	 302 
50 	 361 
51 	 365 
52 	 388 
53 	 424 
54 	 389 
55 	 407 
56 	 415 
57 	 444 
58 	 445 
59 	 454 
60 	 496 
61 	 464 
62 	 378 
63 	 406 
64 	 305 
65 	 249 
66 	 193 
67 	 254 
68 	 200 
65 	 287 
66 	 326 
67 	 327 
68 	 240 
69 	 205 
70 	 167 
71 	 226 
72 	 168 
69 	 251 
70 	 289 
71 	 298 
72 	 206 
65 	 314 
66 	 350 
67 	 353 
68 	 387 
69 	 351 
70 	 330 
71 	 328 
72 	 245 
73 	 209 
74 	 149 
75 	 211 
76 	 165 
73 	 248 
74 	 283 
75 	 298 
76 	 197 
77 	 206 
78 	 150 
79 	 200 
80 	 153 
77 	 232 
78 	 267 
79 	 301 
80 	 189 
73 	 255 
74 	 300 
75 	 323 
76 	 365 
77 	 358 
78 	 312 
79 	 325 
80 	 206 
65 	 368 
66 	 368 
67 	 363 
68 	 398 
69 	 362 
70 	 347 
71 	 348 
72 	 365 
73 	 368 
74 	 341 
75 	 350 
76 	 382 
77 	 366 
78 	 320 
79 	 326 
80 	 213 
81 	 188 
82 	 161 
83 	 193 
84 	 142 
81 	 210 
82 	 255 
83 	 289 
84 	 175 
85 	 190 
86 	 159 
87 	 183 
88 	 140 
85 	 214 
86 	 276 
87 	 272 
88 	 177 
81 	 225 
82 	 273 
83 	 314 
84 	 312 
85 	 308 
86 	 317 
87 	 294 
88 	 194 
89 	 207 
90 	 144 
91 	 189 
92 	 139 
89 	 234 
90 	 255 
91 	 273 
92 	 168 
93 	 246 
94 	 207 
95 	 195 
96 	 137 
93 	 274 
94 	 336 
95 	 287 
96 	 169 
89 	 251 
90 	 275 
91 	 310 
92 	 301 
93 	 365 
94 	 366 
95 	 304 
96 	 177 
81 	 241 
82 	 278 
83 	 321 
84 	 325 
85 	 320 
86 	 337 
87 	 324 
88 	 360 
89 	 355 
90 	 308 
91 	 330 
92 	 315 
93 	 373 
94 	 371 
95 	 312 
96 	 184 
97 	 193 
98 	 159 
99 	 174 
100 	 123 
97 	 220 
98 	 253 
99 	 245 
100 	 155 
101 	 206 
102 	 139 
103 	 136 
104 	 122 
101 	 229 
102 	 214 
103 	 202 
104 	 140 
97 	 238 
98 	 263 
99 	 271 
100 	 251 
101 	 303 
102 	 242 
103 	 222 
104 	 164 
105 	 241 
106 	 144 
107 	 191 
108 	 128 
105 	 261 
106 	 260 
107 	 248 
108 	 160 
109 	 240 
110 	 135 
111 	 250 
112 	 175 
109 	 266 
110 	 305 
111 	 346 
112 	 195 
105 	 284 
106 	 276 
107 	 270 
108 	 303 
109 	 342 
110 	 332 
111 	 362 
112 	 216 
97 	 269 
98 	 277 
99 	 289 
100 	 263 
101 	 326 
102 	 267 
103 	 249 
104 	 268 
105 	 353 
106 	 302 
107 	 287 
108 	 315 
109 	 356 
110 	 343 
111 	 371 
112 	 228 
113 	 327 
114 	 206 
115 	 374 
116 	 236 
113 	 348 
114 	 441 
115 	 533 
116 	 269 
117 	 579 
118 	 357 
119 	 738 
120 	 402 
117 	 601 
118 	 746 
119 	 968 
120 	 432 
113 	 358 
114 	 459 
115 	 555 
116 	 667 
117 	 760 
118 	 764 
119 	 977 
120 	 440 
121 	 580 
122 	 332 
123 	 463 
124 	 297 
121 	 608 
122 	 674 
123 	 650 
124 	 362 
125 	 506 
126 	 299 
127 	 428 
128 	 290 
125 	 547 
126 	 607 
127 	 602 
128 	 336 
121 	 635 
122 	 694 
123 	 684 
124 	 722 
125 	 712 
126 	 657 
127 	 619 
128 	 363 
113 	 365 
114 	 469 
115 	 566 
116 	 682 
117 	 780 
118 	 788 
119 	 1009 
120 	 964 
121 	 906 
122 	 745 
123 	 704 
124 	 742 
125 	 727 
126 	 676 
127 	 630 
128 	 419 
129 	 482 
130 	 301 
131 	 475 
132 	 279 
129 	 510 
130 	 659 
131 	 700 
132 	 330 
133 	 390 
134 	 268 
135 	 386 
136 	 266 
133 	 418 
134 	 620 
135 	 566 
136 	 307 
129 	 525 
130 	 674 
131 	 744 
132 	 628 
133 	 599 
134 	 661 
135 	 591 
136 	 330 
137 	 466 
138 	 258 
139 	 493 
140 	 338 
137 	 509 
138 	 627 
139 	 689 
140 	 391 
141 	 601 
142 	 342 
143 	 696 
144 	 432 
141 	 629 
142 	 822 
143 	 918 
144 	 506 
137 	 530 
138 	 655 
139 	 725 
140 	 762 
141 	 842 
142 	 875 
143 	 948 
144 	 543 
129 	 542 
130 	 693 
131 	 760 
132 	 651 
133 	 617 
134 	 696 
135 	 622 
136 	 628 
137 	 732 
138 	 702 
139 	 746 
140 	 779 
141 	 862 
142 	 892 
143 	 963 
144 	 607 
145 	 705 
146 	 403 
147 	 576 
148 	 344 
145 	 730 
146 	 893 
147 	 796 
148 	 403 
149 	 616 
150 	 344 
151 	 555 
152 	 374 
149 	 654 
150 	 810 
151 	 791 
152 	 436 
145 	 754 
146 	 924 
147 	 838 
148 	 828 
149 	 895 
150 	 866 
151 	 821 
152 	 457 
153 	 643 
154 	 394 
155 	 545 
156 	 394 
153 	 681 
154 	 863 
155 	 763 
156 	 454 
157 	 552 
158 	 361 
159 	 526 
160 	 348 
157 	 595 
158 	 750 
159 	 706 
160 	 423 
153 	 704 
154 	 898 
155 	 822 
156 	 838 
157 	 817 
158 	 815 
159 	 751 
160 	 483 
145 	 773 
146 	 938 
147 	 847 
148 	 845 
149 	 913 
150 	 897 
151 	 876 
152 	 869 
153 	 922 
154 	 964 
155 	 861 
156 	 867 
157 	 839 
158 	 835 
159 	 771 
160 	 531 
161 	 501 
162 	 342 
163 	 534 
164 	 387 
161 	 549 
162 	 710 
163 	 714 
164 	 449 
165 	 473 
166 	 318 
167 	 484 
168 	 333 
165 	 529 
166 	 611 
167 	 613 
168 	 386 
161 	 597 
162 	 743 
163 	 767 
164 	 792 
165 	 690 
166 	 676 
167 	 658 
168 	 428 
169 	 384 
170 	 292 
171 	 407 
172 	 297 
169 	 447 
170 	 556 
171 	 551 
172 	 346 
173 	 394 
174 	 310 
175 	 424 
176 	 294 
173 	 440 
174 	 546 
175 	 558 
176 	 367 
169 	 476 
170 	 594 
171 	 613 
172 	 598 
173 	 610 
174 	 612 
175 	 591 
176 	 415 
161 	 616 
162 	 763 
163 	 788 
164 	 813 
165 	 717 
166 	 710 
167 	 722 
168 	 707 
169 	 638 
170 	 669 
171 	 664 
172 	 639 
173 	 644 
174 	 641 
175 	 620 
176 	 461 
177 	 342 
178 	 288 
179 	 435 
180 	 313 
177 	 406 
178 	 538 
179 	 563 
180 	 359 
181 	 379 
182 	 260 
183 	 412 
184 	 317 
181 	 444 
182 	 536 
183 	 525 
184 	 352 
177 	 435 
178 	 571 
179 	 638 
180 	 590 
181 	 625 
182 	 596 
183 	 570 
184 	 401 
185 	 375 
186 	 292 
187 	 457 
188 	 311 
185 	 447 
186 	 562 
187 	 576 
188 	 348 
189 	 347 
190 	 286 
191 	 400 
192 	 292 
189 	 402 
190 	 516 
191 	 541 
192 	 342 
185 	 471 
186 	 595 
187 	 632 
188 	 636 
189 	 556 
190 	 560 
191 	 576 
192 	 378 
177 	 463 
178 	 594 
179 	 661 
180 	 614 
181 	 662 
182 	 640 
183 	 639 
184 	 641 
185 	 635 
186 	 640 
187 	 666 
188 	 666 
189 	 579 
190 	 582 
191 	 593 
192 	 406 
193 	 313 
194 	 284 
195 	 368 
196 	 283 
193 	 367 
194 	 504 
195 	 489 
196 	 332 
197 	 336 
198 	 263 
199 	 327 
200 	 258 
197 	 392 
198 	 459 
199 	 426 
200 	 301 
193 	 397 
194 	 536 
195 	 538 
196 	 555 
197 	 548 
198 	 517 
199 	 466 
200 	 338 
201 	 347 
202 	 262 
203 	 366 
204 	 248 
201 	 398 
202 	 509 
203 	 505 
204 	 294 
205 	 343 
206 	 274 
207 	 335 
208 	 245 
205 	 395 
206 	 474 
207 	 471 
208 	 298 
201 	 431 
202 	 545 
203 	 558 
204 	 557 
205 	 548 
206 	 525 
207 	 505 
208 	 339 
193 	 424 
194 	 561 
195 	 557 
196 	 575 
197 	 587 
198 	 548 
199 	 503 
200 	 613 
201 	 597 
202 	 602 
203 	 603 
204 	 586 
205 	 571 
206 	 542 
207 	 525 
208 	 373 
209 	 362 
210 	 265 
211 	 390 
212 	 260 
209 	 418 
210 	 520 
211 	 528 
212 	 295 
213 	 393 
214 	 270 
215 	 390 
216 	 259 
213 	 443 
214 	 524 
215 	 511 
216 	 306 
209 	 449 
210 	 543 
211 	 569 
212 	 582 
213 	 588 
214 	 570 
215 	 538 
216 	 356 
217 	 391 
218 	 278 
219 	 396 
220 	 289 
217 	 445 
218 	 525 
219 	 555 
220 	 356 
221 	 389 
222 	 263 
223 	 366 
224 	 259 
221 	 445 
222 	 528 
223 	 492 
224 	 315 
217 	 476 
218 	 554 
219 	 598 
220 	 670 
221 	 602 
222 	 571 
223 	 538 
224 	 363 
209 	 484 
210 	 568 
211 	 586 
212 	 606 
213 	 623 
214 	 604 
215 	 586 
216 	 635 
217 	 641 
218 	 613 
219 	 630 
220 	 697 
221 	 625 
222 	 591 
223 	 546 
224 	 402 
225 	 385 
226 	 260 
227 	 351 
228 	 252 
225 	 437 
226 	 482 
227 	 499 
228 	 311 
229 	 363 
230 	 244 
231 	 409 
232 	 241 
229 	 399 
230 	 494 
231 	 578 
232 	 298 
225 	 476 
226 	 514 
227 	 540 
228 	 567 
229 	 537 
230 	 539 
231 	 615 
232 	 335 
233 	 361 
234 	 258 
235 	 310 
236 	 226 
233 	 403 
234 	 493 
235 	 438 
236 	 273 
237 	 418 
238 	 278 
239 	 348 
240 	 250 
237 	 460 
238 	 484 
239 	 516 
240 	 309 
233 	 436 
234 	 530 
235 	 495 
236 	 501 
237 	 613 
238 	 526 
239 	 539 
240 	 339 
225 	 498 
226 	 531 
227 	 561 
228 	 590 
229 	 567 
230 	 576 
231 	 657 
232 	 604 
233 	 619 
234 	 594 
235 	 529 
236 	 532 
237 	 635 
238 	 549 
239 	 550 
240 	 356 
241 	 413 
242 	 281 
243 	 342 
244 	 249 
241 	 438 
242 	 521 
243 	 491 
244 	 293 
245 	 397 
246 	 306 
247 	 382 
248 	 254 
245 	 438 
246 	 535 
247 	 520 
248 	 309 
241 	 464 
242 	 549 
243 	 536 
244 	 551 
245 	 568 
246 	 577 
247 	 551 
248 	 337 
249 	 423 
250 	 272 
251 	 306 
252 	 248 
249 	 457 
250 	 515 
251 	 467 
252 	 287 
253 	 404 
254 	 281 
255 	 359 
256 	 291 
253 	 452 
254 	 549 
255 	 529 
256 	 341 
249 	 487 
250 	 553 
251 	 511 
252 	 530 
253 	 598 
254 	 602 
255 	 562 
256 	 386 
241 	 485 
242 	 570 
243 	 552 
244 	 566 
245 	 593 
246 	 614 
247 	 606 
248 	 587 
249 	 626 
250 	 604 
251 	 544 
252 	 556 
253 	 613 
254 	 620 
255 	 574 
256 	 407 
257 	 389 
258 	 262 
259 	 336 
260 	 305 
257 	 444 
258 	 463 
259 	 499 
260 	 351 
261 	 375 
262 	 280 
263 	 375 
264 	 271 
261 	 414 
262 	 540 
263 	 543 
264 	 311 
257 	 473 
258 	 504 
259 	 551 
260 	 575 
261 	 547 
262 	 580 
263 	 566 
264 	 340 
265 	 413 
266 	 309 
267 	 402 
268 	 271 
265 	 452 
266 	 577 
267 	 546 
268 	 330 
269 	 374 
270 	 276 
271 	 358 
272 	 262 
269 	 403 
270 	 549 
271 	 523 
272 	 326 
265 	 476 
266 	 605 
267 	 590 
268 	 571 
269 	 566 
270 	 586 
271 	 553 
272 	 369 
257 	 501 
258 	 512 
259 	 569 
260 	 593 
261 	 578 
262 	 616 
263 	 621 
264 	 608 
265 	 625 
266 	 647 
267 	 624 
268 	 597 
269 	 584 
270 	 605 
271 	 566 
272 	 389 
273 	 381 
274 	 255 
275 	 363 
276 	 296 
273 	 424 
274 	 542 
275 	 518 
276 	 358 
277 	 420 
278 	 259 
279 	 392 
280 	 294 
277 	 452 
278 	 539 
279 	 563 
280 	 352 
273 	 446 
274 	 578 
275 	 583 
276 	 587 
277 	 609 
278 	 583 
279 	 588 
280 	 387 
281 	 365 
282 	 288 
283 	 372 
284 	 276 
281 	 411 
282 	 537 
283 	 554 
284 	 338 
285 	 360 
286 	 266 
287 	 389 
288 	 271 
285 	 396 
286 	 537 
287 	 566 
288 	 333 
281 	 432 
282 	 562 
283 	 605 
284 	 593 
285 	 549 
286 	 575 
287 	 598 
288 	 367 
273 	 456 
274 	 590 
275 	 596 
276 	 600 
277 	 628 
278 	 615 
279 	 647 
280 	 628 
281 	 624 
282 	 616 
283 	 638 
284 	 615 
285 	 565 
286 	 602 
287 	 612 
288 	 388 
289 	 348 
290 	 253 
291 	 342 
292 	 265 
289 	 388 
290 	 467 
291 	 501 
292 	 307 
293 	 403 
294 	 243 
295 	 374 
296 	 256 
293 	 458 
294 	 550 
295 	 533 
296 	 302 
289 	 428 
290 	 520 
291 	 562 
292 	 555 
293 	 612 
294 	 589 
295 	 559 
296 	 329 
297 	 393 
298 	 247 
299 	 415 
300 	 266 
297 	 434 
298 	 594 
299 	 584 
300 	 312 
301 	 439 
302 	 254 
303 	 489 
304 	 280 
301 	 475 
302 	 602 
303 	 623 
304 	 320 
297 	 461 
298 	 626 
299 	 634 
300 	 599 
301 	 629 
302 	 636 
303 	 651 
304 	 349 
289 	 451 
290 	 534 
291 	 577 
292 	 563 
293 	 634 
294 	 625 
295 	 615 
296 	 588 
297 	 624 
298 	 684 
299 	 665 
300 	 625 
301 	 640 
302 	 652 
303 	 662 
304 	 388 
305 	 453 
306 	 266 
307 	 531 
308 	 304 
305 	 497 
306 	 672 
307 	 706 
308 	 344 
309 	 480 
310 	 286 
311 	 457 
312 	 301 
309 	 520 
310 	 608 
311 	 635 
312 	 343 
305 	 517 
306 	 699 
307 	 759 
308 	 680 
309 	 675 
310 	 657 
311 	 663 
312 	 367 
313 	 406 
314 	 262 
315 	 458 
316 	 284 
313 	 445 
314 	 579 
315 	 605 
316 	 317 
317 	 414 
318 	 231 
319 	 410 
320 	 254 
317 	 455 
318 	 512 
319 	 536 
320 	 282 
313 	 466 
314 	 594 
315 	 649 
316 	 578 
317 	 624 
318 	 558 
319 	 565 
320 	 315 
305 	 527 
306 	 710 
307 	 771 
308 	 700 
309 	 696 
310 	 682 
311 	 719 
312 	 695 
313 	 652 
314 	 651 
315 	 682 
316 	 598 
317 	 643 
318 	 570 
319 	 581 
320 	 345 
321 	 423 
322 	 271 
323 	 460 
324 	 296 
321 	 471 
322 	 570 
323 	 590 
324 	 350 
325 	 380 
326 	 275 
327 	 454 
328 	 274 
325 	 421 
326 	 591 
327 	 583 
328 	 315 
321 	 487 
322 	 604 
323 	 647 
324 	 611 
325 	 562 
326 	 637 
327 	 608 
328 	 344 
329 	 385 
330 	 264 
331 	 424 
332 	 304 
329 	 440 
330 	 572 
331 	 563 
332 	 348 
333 	 396 
334 	 263 
335 	 453 
336 	 295 
333 	 445 
334 	 567 
335 	 601 
336 	 332 
329 	 474 
330 	 604 
331 	 616 
332 	 637 
333 	 621 
334 	 605 
335 	 626 
336 	 351 
321 	 521 
322 	 632 
323 	 677 
324 	 638 
325 	 590 
326 	 679 
327 	 673 
328 	 622 
329 	 632 
330 	 658 
331 	 642 
332 	 660 
333 	 633 
334 	 618 
335 	 632 
336 	 369 
337 	 404 
338 	 246 
339 	 424 
340 	 285 
337 	 456 
338 	 531 
339 	 572 
340 	 317 
341 	 376 
342 	 238 
343 	 436 
344 	 283 
341 	 424 
342 	 540 
343 	 589 
344 	 312 
337 	 471 
338 	 550 
339 	 606 
340 	 654 
341 	 591 
342 	 586 
343 	 623 
344 	 342 
345 	 404 
346 	 247 
347 	 471 
348 	 299 
345 	 441 
346 	 551 
347 	 596 
348 	 327 
349 	 441 
350 	 271 
351 	 430 
352 	 238 
349 	 484 
350 	 604 
351 	 592 
352 	 273 
345 	 463 
346 	 580 
347 	 633 
348 	 729 
349 	 644 
350 	 650 
351 	 615 
352 	 302 
337 	 483 
338 	 569 
339 	 631 
340 	 676 
341 	 617 
342 	 624 
343 	 674 
344 	 691 
345 	 632 
346 	 623 
347 	 670 
348 	 751 
349 	 663 
350 	 659 
351 	 631 
352 	 321 
353 	 462 
354 	 260 
355 	 421 
356 	 259 
353 	 506 
354 	 553 
355 	 554 
356 	 301 
357 	 454 
358 	 270 
359 	 467 
360 	 265 
357 	 497 
358 	 636 
359 	 636 
360 	 308 
353 	 527 
354 	 579 
355 	 590 
356 	 721 
357 	 672 
358 	 681 
359 	 659 
360 	 331 
361 	 483 
362 	 247 
363 	 541 
364 	 308 
361 	 520 
362 	 613 
363 	 711 
364 	 346 
365 	 498 
366 	 274 
367 	 543 
368 	 282 
365 	 533 
366 	 639 
367 	 705 
368 	 337 
361 	 535 
362 	 626 
363 	 745 
364 	 746 
365 	 713 
366 	 684 
367 	 734 
368 	 377 
353 	 549 
354 	 591 
355 	 609 
356 	 737 
357 	 693 
358 	 707 
359 	 694 
360 	 723 
361 	 716 
362 	 678 
363 	 767 
364 	 764 
365 	 725 
366 	 694 
367 	 748 
368 	 397 
369 	 556 
370 	 327 
371 	 581 
372 	 348 
369 	 598 
370 	 773 
371 	 787 
372 	 401 
373 	 636 
374 	 345 
375 	 602 
376 	 320 
373 	 676 
374 	 817 
375 	 838 
376 	 371 
369 	 620 
370 	 798 
371 	 837 
372 	 910 
373 	 894 
374 	 863 
375 	 861 
376 	 390 
377 	 636 
378 	 370 
379 	 613 
380 	 412 
377 	 676 
378 	 885 
379 	 870 
380 	 467 
381 	 756 
382 	 362 
383 	 632 
384 	 390 
381 	 793 
382 	 882 
383 	 870 
384 	 453 
377 	 696 
378 	 906 
379 	 909 
380 	 969 
381 	 1064 
382 	 926 
383 	 899 
384 	 484 
369 	 629 
370 	 818 
371 	 843 
372 	 928 
373 	 915 
374 	 887 
375 	 897 
376 	 836 
377 	 929 
378 	 950 
379 	 931 
380 	 977 
381 	 1077 
382 	 945 
383 	 909 
384 	 507 
385 	 668 
386 	 373 
387 	 668 
388 	 366 
385 	 699 
386 	 909 
387 	 942 
388 	 438 
389 	 653 
390 	 376 
391 	 616 
392 	 364 
389 	 690 
390 	 891 
391 	 832 
392 	 421 
385 	 725 
386 	 929 
387 	 970 
388 	 979 
389 	 946 
390 	 950 
391 	 867 
392 	 463 
393 	 670 
394 	 366 
395 	 561 
396 	 329 
393 	 707 
394 	 838 
395 	 818 
396 	 400 
397 	 605 
398 	 330 
399 	 621 
400 	 331 
397 	 639 
398 	 766 
399 	 828 
400 	 390 
393 	 725 
394 	 853 
395 	 868 
396 	 821 
397 	 867 
398 	 830 
399 	 856 
400 	 421 
385 	 747 
386 	 943 
387 	 986 
388 	 995 
389 	 966 
390 	 973 
391 	 904 
392 	 920 
393 	 973 
394 	 906 
395 	 886 
396 	 845 
397 	 882 
398 	 835 
399 	 877 
400 	 458 
401 	 600 
402 	 374 
403 	 575 
404 	 328 
401 	 638 
402 	 867 
403 	 783 
404 	 375 
405 	 652 
406 	 356 
407 	 670 
408 	 354 
405 	 677 
406 	 862 
407 	 866 
408 	 411 
401 	 666 
402 	 892 
403 	 821 
404 	 806 
405 	 881 
406 	 910 
407 	 892 
408 	 437 
409 	 644 
410 	 326 
411 	 700 
412 	 365 
409 	 682 
410 	 824 
411 	 914 
412 	 406 
413 	 690 
414 	 369 
415 	 630 
416 	 301 
413 	 729 
414 	 934 
415 	 862 
416 	 369 
409 	 698 
410 	 848 
411 	 947 
412 	 934 
413 	 925 
414 	 967 
415 	 878 
416 	 408 
401 	 695 
402 	 915 
403 	 846 
404 	 824 
405 	 918 
406 	 934 
407 	 939 
408 	 900 
409 	 882 
410 	 886 
411 	 965 
412 	 952 
413 	 939 
414 	 983 
415 	 890 
416 	 433 
417 	 652 
418 	 354 
419 	 597 
420 	 334 
417 	 675 
418 	 857 
419 	 841 
420 	 388 
421 	 541 
422 	 349 
423 	 478 
424 	 334 
421 	 566 
422 	 747 
423 	 703 
424 	 389 
417 	 697 
418 	 874 
419 	 876 
420 	 837 
421 	 790 
422 	 784 
423 	 733 
424 	 414 
425 	 509 
426 	 317 
427 	 500 
428 	 276 
425 	 546 
426 	 733 
427 	 726 
428 	 325 
429 	 443 
430 	 299 
431 	 413 
432 	 245 
429 	 482 
430 	 669 
431 	 610 
432 	 283 
425 	 566 
426 	 757 
427 	 768 
428 	 677 
429 	 679 
430 	 714 
431 	 639 
432 	 319 
417 	 723 
418 	 885 
419 	 888 
420 	 851 
421 	 809 
422 	 821 
423 	 768 
424 	 779 
425 	 777 
426 	 799 
427 	 791 
428 	 691 
429 	 690 
430 	 730 
431 	 658 
432 	 372 
433 	 442 
434 	 269 
435 	 437 
436 	 305 
433 	 479 
434 	 604 
435 	 609 
436 	 363 
437 	 483 
438 	 260 
439 	 453 
440 	 242 
437 	 515 
438 	 605 
439 	 638 
440 	 287 
433 	 501 
434 	 625 
435 	 665 
436 	 702 
437 	 717 
438 	 658 
439 	 663 
440 	 322 
441 	 444 
442 	 268 
443 	 480 
444 	 267 
441 	 475 
442 	 642 
443 	 662 
444 	 317 
445 	 486 
446 	 274 
447 	 483 
448 	 301 
445 	 511 
446 	 634 
447 	 642 
448 	 341 
441 	 498 
442 	 670 
443 	 705 
444 	 684 
445 	 678 
446 	 682 
447 	 659 
448 	 358 
433 	 531 
434 	 641 
435 	 670 
436 	 718 
437 	 732 
438 	 687 
439 	 710 
440 	 656 
441 	 686 
442 	 717 
443 	 727 
444 	 701 
445 	 684 
446 	 694 
447 	 671 
448 	 402 
449 	 470 
450 	 286 
451 	 507 
452 	 271 
449 	 499 
450 	 675 
451 	 682 
452 	 321 
453 	 431 
454 	 267 
455 	 500 
456 	 271 
453 	 472 
454 	 624 
455 	 658 
456 	 307 
449 	 512 
450 	 696 
451 	 717 
452 	 664 
453 	 652 
454 	 669 
455 	 685 
456 	 354 
457 	 512 
458 	 297 
459 	 534 
460 	 313 
457 	 543 
458 	 674 
459 	 718 
460 	 360 
461 	 512 
462 	 322 
463 	 596 
464 	 360 
461 	 541 
462 	 760 
463 	 787 
464 	 422 
457 	 567 
458 	 699 
459 	 759 
460 	 702 
461 	 732 
462 	 807 
463 	 808 
464 	 455 
449 	 534 
450 	 710 
451 	 739 
452 	 686 
453 	 670 
454 	 697 
455 	 733 
456 	 678 
457 	 733 
458 	 744 
459 	 791 
460 	 725 
461 	 752 
462 	 822 
463 	 825 
464 	 493 
465 	 523 
466 	 279 
467 	 562 
468 	 299 
465 	 565 
466 	 703 
467 	 767 
468 	 354 
469 	 547 
470 	 305 
471 	 592 
472 	 368 
469 	 583 
470 	 734 
471 	 789 
472 	 405 
465 	 587 
466 	 727 
467 	 811 
468 	 784 
469 	 793 
470 	 787 
471 	 818 
472 	 430 
473 	 592 
474 	 318 
475 	 525 
476 	 317 
473 	 623 
474 	 713 
475 	 728 
476 	 368 
477 	 525 
478 	 300 
479 	 504 
480 	 335 
477 	 565 
478 	 688 
479 	 715 
480 	 379 
473 	 650 
474 	 733 
475 	 766 
476 	 776 
477 	 780 
478 	 740 
479 	 738 
480 	 403 
465 	 627 
466 	 748 
467 	 821 
468 	 812 
469 	 806 
470 	 820 
471 	 864 
472 	 880 
473 	 868 
474 	 802 
475 	 800 
476 	 801 
477 	 804 
478 	 758 
479 	 765 
480 	 428 
481 	 521 
482 	 313 
483 	 556 
484 	 367 
481 	 553 
482 	 705 
483 	 773 
484 	 408 
485 	 497 
486 	 321 
487 	 559 
488 	 345 
485 	 533 
486 	 656 
487 	 759 
488 	 384 
481 	 580 
482 	 724 
483 	 818 
484 	 806 
485 	 764 
486 	 710 
487 	 785 
488 	 410 
489 	 444 
490 	 333 
491 	 475 
492 	 314 
489 	 488 
490 	 653 
491 	 676 
492 	 365 
493 	 426 
494 	 319 
495 	 416 
496 	 305 
493 	 466 
494 	 654 
495 	 612 
496 	 352 
489 	 513 
490 	 679 
491 	 715 
492 	 704 
493 	 676 
494 	 704 
495 	 643 
496 	 404 
481 	 606 
482 	 738 
483 	 833 
484 	 823 
485 	 786 
486 	 738 
487 	 827 
488 	 869 
489 	 739 
490 	 743 
491 	 752 
492 	 728 
493 	 699 
494 	 728 
495 	 670 
496 	 456 
497 	 445 
498 	 313 
499 	 456 
500 	 305 
497 	 491 
498 	 641 
499 	 675 
500 	 353 
501 	 445 
502 	 318 
503 	 469 
504 	 304 
501 	 503 
502 	 682 
503 	 664 
504 	 347 
497 	 513 
498 	 662 
499 	 716 
500 	 701 
501 	 714 
502 	 735 
503 	 687 
504 	 373 
505 	 424 
506 	 313 
507 	 434 
508 	 281 
505 	 473 
506 	 607 
507 	 604 
508 	 334 
509 	 411 
510 	 266 
511 	 407 
512 	 306 
509 	 465 
510 	 611 
511 	 585 
512 	 358 
505 	 497 
506 	 637 
507 	 670 
508 	 669 
509 	 679 
510 	 668 
511 	 616 
512 	 386 
497 	 534 
498 	 687 
499 	 734 
500 	 731 
501 	 736 
502 	 766 
503 	 751 
504 	 731 
505 	 716 
506 	 703 
507 	 697 
508 	 696 
509 	 692 
510 	 685 
511 	 627 
512 	 403 
513 	 374 
514 	 281 
515 	 352 
516 	 269 
513 	 424 
514 	 549 
515 	 528 
516 	 304 
517 	 415 
518 	 270 
519 	 374 
520 	 286 
517 	 472 
518 	 544 
519 	 561 
520 	 352 
513 	 454 
514 	 579 
515 	 580 
516 	 624 
517 	 640 
518 	 594 
519 	 586 
520 	 374 
521 	 395 
522 	 282 
523 	 340 
524 	 316 
521 	 448 
522 	 570 
523 	 529 
524 	 369 
525 	 395 
526 	 292 
527 	 362 
528 	 250 
525 	 448 
526 	 544 
527 	 536 
528 	 307 
521 	 476 
522 	 604 
523 	 584 
524 	 644 
525 	 618 
526 	 597 
527 	 568 
528 	 339 
513 	 486 
514 	 596 
515 	 599 
516 	 643 
517 	 670 
518 	 635 
519 	 653 
520 	 665 
521 	 667 
522 	 657 
523 	 607 
524 	 662 
525 	 635 
526 	 607 
527 	 577 
528 	 362 
529 	 402 
530 	 250 
531 	 399 
532 	 284 
529 	 451 
530 	 515 
531 	 566 
532 	 327 
533 	 404 
534 	 290 
535 	 371 
536 	 261 
533 	 448 
534 	 505 
535 	 522 
536 	 306 
529 	 477 
530 	 539 
531 	 613 
532 	 595 
533 	 606 
534 	 543 
535 	 552 
536 	 332 
537 	 353 
538 	 260 
539 	 337 
540 	 244 
537 	 408 
538 	 506 
539 	 490 
540 	 282 
541 	 382 
542 	 289 
543 	 375 
544 	 276 
541 	 423 
542 	 548 
543 	 545 
544 	 324 
537 	 448 
538 	 549 
539 	 548 
540 	 550 
541 	 584 
542 	 590 
543 	 569 
544 	 355 
529 	 502 
530 	 565 
531 	 631 
532 	 621 
533 	 638 
534 	 589 
535 	 612 
536 	 595 
537 	 607 
538 	 599 
539 	 576 
540 	 573 
541 	 601 
542 	 603 
543 	 581 
544 	 393 
545 	 398 
546 	 281 
547 	 360 
548 	 247 
545 	 433 
546 	 542 
547 	 487 
548 	 305 
549 	 361 
550 	 279 
551 	 361 
552 	 238 
549 	 405 
550 	 536 
551 	 523 
552 	 287 
545 	 459 
546 	 575 
547 	 536 
548 	 580 
549 	 539 
550 	 576 
551 	 561 
552 	 319 
553 	 367 
554 	 256 
555 	 353 
556 	 213 
553 	 405 
554 	 519 
555 	 507 
556 	 278 
557 	 340 
558 	 212 
559 	 342 
560 	 224 
557 	 388 
558 	 467 
559 	 481 
560 	 280 
553 	 441 
554 	 559 
555 	 558 
556 	 555 
557 	 533 
558 	 509 
559 	 512 
560 	 323 
545 	 488 
546 	 595 
547 	 559 
548 	 606 
549 	 575 
550 	 626 
551 	 626 
552 	 583 
553 	 577 
554 	 609 
555 	 590 
556 	 579 
557 	 557 
558 	 531 
559 	 538 
560 	 362 
561 	 336 
562 	 239 
563 	 368 
564 	 274 
561 	 379 
562 	 521 
563 	 509 
564 	 309 
565 	 407 
566 	 207 
567 	 431 
568 	 273 
565 	 446 
566 	 505 
567 	 588 
568 	 327 
561 	 415 
562 	 555 
563 	 558 
564 	 603 
565 	 588 
566 	 545 
567 	 612 
568 	 356 
569 	 485 
570 	 284 
571 	 476 
572 	 277 
569 	 520 
570 	 634 
571 	 654 
572 	 324 
573 	 433 
574 	 246 
575 	 432 
576 	 264 
573 	 470 
574 	 631 
575 	 631 
576 	 309 
569 	 547 
570 	 665 
571 	 711 
572 	 650 
573 	 653 
574 	 676 
575 	 652 
576 	 344 
561 	 444 
562 	 576 
563 	 578 
564 	 630 
565 	 604 
566 	 587 
567 	 685 
568 	 675 
569 	 694 
570 	 703 
571 	 744 
572 	 674 
573 	 674 
574 	 691 
575 	 669 
576 	 373 
577 	 439 
578 	 268 
579 	 436 
580 	 288 
577 	 481 
578 	 658 
579 	 625 
580 	 346 
581 	 396 
582 	 246 
583 	 375 
584 	 260 
581 	 429 
582 	 560 
583 	 527 
584 	 303 
577 	 511 
578 	 694 
579 	 682 
580 	 631 
581 	 595 
582 	 605 
583 	 555 
584 	 334 
585 	 460 
586 	 296 
587 	 448 
588 	 263 
585 	 494 
586 	 628 
587 	 624 
588 	 316 
589 	 447 
590 	 239 
591 	 492 
592 	 309 
589 	 483 
590 	 616 
591 	 665 
592 	 366 
585 	 518 
586 	 655 
587 	 664 
588 	 664 
589 	 671 
590 	 661 
591 	 693 
592 	 400 
577 	 552 
578 	 716 
579 	 690 
580 	 651 
581 	 609 
582 	 637 
583 	 599 
584 	 636 
585 	 664 
586 	 690 
587 	 694 
588 	 682 
589 	 683 
590 	 670 
591 	 702 
592 	 434 
593 	 407 
594 	 264 
595 	 443 
596 	 274 
593 	 448 
594 	 579 
595 	 592 
596 	 323 
597 	 445 
598 	 272 
599 	 497 
600 	 315 
597 	 499 
598 	 620 
599 	 673 
600 	 371 
593 	 474 
594 	 601 
595 	 629 
596 	 631 
597 	 668 
598 	 665 
599 	 703 
600 	 410 
601 	 559 
602 	 340 
603 	 546 
604 	 316 
601 	 602 
602 	 759 
603 	 771 
604 	 380 
605 	 478 
606 	 339 
607 	 532 
608 	 370 
605 	 516 
606 	 775 
607 	 750 
608 	 427 
601 	 629 
602 	 788 
603 	 819 
604 	 808 
605 	 758 
606 	 824 
607 	 774 
608 	 456 
593 	 524 
594 	 620 
595 	 644 
596 	 646 
597 	 693 
598 	 686 
599 	 745 
600 	 805 
601 	 850 
602 	 836 
603 	 847 
604 	 828 
605 	 777 
606 	 837 
607 	 796 
608 	 516 
609 	 537 
610 	 340 
611 	 534 
612 	 353 
609 	 587 
610 	 763 
611 	 755 
612 	 431 
613 	 767 
614 	 439 
615 	 827 
616 	 454 
613 	 831 
614 	 1102 
615 	 1060 
616 	 529 
609 	 616 
610 	 791 
611 	 799 
612 	 922 
613 	 1084 
614 	 1166 
615 	 1103 
616 	 610 
617 	 775 
618 	 453 
619 	 701 
620 	 415 
617 	 836 
618 	 1028 
619 	 967 
620 	 479 
621 	 611 
622 	 394 
623 	 630 
624 	 410 
621 	 687 
622 	 892 
623 	 877 
624 	 475 
617 	 885 
618 	 1064 
619 	 1020 
620 	 1025 
621 	 945 
622 	 953 
623 	 918 
624 	 551 
609 	 688 
610 	 811 
611 	 821 
612 	 953 
613 	 1120 
614 	 1205 
615 	 1155 
616 	 1207 
617 	 1155 
618 	 1132 
619 	 1057 
620 	 1056 
621 	 966 
622 	 972 
623 	 943 
624 	 613 
625 	 590 
626 	 381 
627 	 712 
628 	 377 
625 	 652 
626 	 890 
627 	 943 
628 	 437 
629 	 720 
630 	 428 
631 	 706 
632 	 417 
629 	 782 
630 	 995 
631 	 986 
632 	 476 
625 	 709 
626 	 932 
627 	 989 
628 	 973 
629 	 1042 
630 	 1034 
631 	 1016 
632 	 534 
633 	 638 
634 	 391 
635 	 655 
636 	 366 
633 	 712 
634 	 871 
635 	 854 
636 	 442 
637 	 679 
638 	 404 
639 	 771 
640 	 454 
637 	 739 
638 	 955 
639 	 997 
640 	 511 
633 	 760 
634 	 911 
635 	 911 
636 	 1007 
637 	 982 
638 	 1006 
639 	 1027 
640 	 562 
625 	 751 
626 	 947 
627 	 1005 
628 	 997 
629 	 1068 
630 	 1064 
631 	 1064 
632 	 1112 
633 	 1006 
634 	 966 
635 	 941 
636 	 1031 
637 	 1004 
638 	 1028 
639 	 1051 
640 	 666 
641 	 744 
642 	 424 
643 	 809 
644 	 430 
641 	 805 
642 	 1065 
643 	 1074 
644 	 516 
645 	 729 
646 	 427 
647 	 694 
648 	 406 
645 	 790 
646 	 1019 
647 	 969 
648 	 475 
641 	 854 
642 	 1100 
643 	 1127 
644 	 1088 
645 	 1050 
646 	 1092 
647 	 1009 
648 	 565 
649 	 712 
650 	 492 
651 	 773 
652 	 436 
649 	 785 
650 	 1066 
651 	 1055 
652 	 520 
653 	 720 
654 	 431 
655 	 681 
656 	 450 
653 	 785 
654 	 990 
655 	 974 
656 	 529 
649 	 823 
650 	 1102 
651 	 1114 
652 	 1086 
653 	 1097 
654 	 1060 
655 	 1016 
656 	 568 
641 	 910 
642 	 1124 
643 	 1150 
644 	 1117 
645 	 1082 
646 	 1123 
647 	 1061 
648 	 1126 
649 	 1105 
650 	 1169 
651 	 1151 
652 	 1108 
653 	 1115 
654 	 1079 
655 	 1027 
656 	 621 
657 	 717 
658 	 430 
659 	 661 
660 	 437 
657 	 766 
658 	 933 
659 	 954 
660 	 520 
661 	 656 
662 	 427 
663 	 633 
664 	 414 
661 	 711 
662 	 881 
663 	 926 
664 	 505 
657 	 808 
658 	 972 
659 	 1018 
660 	 1100 
661 	 1027 
662 	 954 
663 	 968 
664 	 536 
665 	 613 
666 	 423 
667 	 664 
668 	 386 
665 	 662 
666 	 897 
667 	 931 
668 	 467 
669 	 696 
670 	 461 
671 	 583 
672 	 407 
669 	 777 
670 	 912 
671 	 865 
672 	 485 
665 	 703 
666 	 939 
667 	 999 
668 	 970 
669 	 1064 
670 	 995 
671 	 905 
672 	 518 
657 	 828 
658 	 994 
659 	 1037 
660 	 1119 
661 	 1053 
662 	 999 
663 	 1026 
664 	 1058 
665 	 994 
666 	 1019 
667 	 1031 
668 	 999 
669 	 1083 
670 	 1010 
671 	 925 
672 	 547 
673 	 560 
674 	 384 
675 	 503 
676 	 381 
673 	 605 
674 	 765 
675 	 773 
676 	 438 
677 	 560 
678 	 363 
679 	 470 
680 	 339 
677 	 614 
678 	 799 
679 	 754 
680 	 410 
673 	 649 
674 	 813 
675 	 839 
676 	 819 
677 	 850 
678 	 858 
679 	 783 
680 	 464 
681 	 574 
682 	 421 
683 	 525 
684 	 366 
681 	 625 
682 	 837 
683 	 787 
684 	 435 
685 	 601 
686 	 392 
687 	 505 
688 	 376 
685 	 643 
686 	 804 
687 	 774 
688 	 418 
681 	 670 
682 	 881 
683 	 858 
684 	 861 
685 	 874 
686 	 869 
687 	 808 
688 	 444 
673 	 679 
674 	 843 
675 	 854 
676 	 843 
677 	 878 
678 	 908 
679 	 846 
680 	 864 
681 	 913 
682 	 947 
683 	 888 
684 	 884 
685 	 890 
686 	 885 
687 	 821 
688 	 484 
689 	 570 
690 	 399 
691 	 529 
692 	 362 
689 	 613 
690 	 825 
691 	 841 
692 	 428 
693 	 585 
694 	 325 
695 	 451 
696 	 351 
693 	 629 
694 	 686 
695 	 683 
696 	 407 
689 	 632 
690 	 856 
691 	 897 
692 	 818 
693 	 861 
694 	 757 
695 	 728 
696 	 443 
697 	 526 
698 	 395 
699 	 429 
700 	 311 
697 	 568 
698 	 761 
699 	 668 
700 	 390 
701 	 483 
702 	 368 
703 	 420 
704 	 310 
701 	 530 
702 	 720 
703 	 642 
704 	 374 
697 	 597 
698 	 795 
699 	 734 
700 	 733 
701 	 745 
702 	 784 
703 	 676 
704 	 404 
689 	 648 
690 	 871 
691 	 913 
692 	 832 
693 	 888 
694 	 795 
695 	 799 
696 	 792 
697 	 823 
698 	 864 
699 	 762 
700 	 757 
701 	 763 
702 	 806 
703 	 698 
704 	 447 
705 	 459 
706 	 293 
707 	 415 
708 	 250 
705 	 505 
706 	 633 
707 	 617 
708 	 312 
709 	 468 
710 	 317 
711 	 359 
712 	 286 
709 	 505 
710 	 667 
711 	 525 
712 	 349 
705 	 536 
706 	 670 
707 	 674 
708 	 638 
709 	 711 
710 	 726 
711 	 557 
712 	 379 
713 	 429 
714 	 296 
715 	 364 
716 	 256 
713 	 471 
714 	 649 
715 	 599 
716 	 318 
717 	 401 
718 	 257 
719 	 392 
720 	 288 
717 	 448 
718 	 565 
719 	 593 
720 	 351 
713 	 498 
714 	 684 
715 	 665 
716 	 637 
717 	 647 
718 	 618 
719 	 625 
720 	 375 
705 	 563 
706 	 690 
707 	 694 
708 	 667 
709 	 744 
710 	 773 
711 	 622 
712 	 688 
713 	 720 
714 	 747 
715 	 699 
716 	 658 
717 	 666 
718 	 634 
719 	 639 
720 	 400 
721 	 441 
722 	 293 
723 	 395 
724 	 305 
721 	 469 
722 	 645 
723 	 612 
724 	 369 
725 	 415 
726 	 299 
727 	 416 
728 	 293 
725 	 466 
726 	 708 
727 	 622 
728 	 345 
721 	 503 
722 	 687 
723 	 684 
724 	 692 
725 	 688 
726 	 768 
727 	 648 
728 	 362 
729 	 428 
730 	 319 
731 	 441 
732 	 314 
729 	 470 
730 	 709 
731 	 640 
732 	 371 
733 	 437 
734 	 321 
735 	 501 
736 	 322 
733 	 482 
734 	 704 
735 	 699 
736 	 378 
729 	 491 
730 	 744 
731 	 699 
732 	 711 
733 	 690 
734 	 758 
735 	 731 
736 	 397 
721 	 515 
722 	 694 
723 	 697 
724 	 712 
725 	 704 
726 	 808 
727 	 722 
728 	 720 
729 	 686 
730 	 809 
731 	 726 
732 	 726 
733 	 700 
734 	 767 
735 	 736 
736 	 401 
737 	 416 
738 	 285 
739 	 467 
740 	 335 
737 	 456 
738 	 629 
739 	 630 
740 	 384 
741 	 430 
742 	 278 
743 	 481 
744 	 303 
741 	 476 
742 	 635 
743 	 665 
744 	 350 
737 	 481 
738 	 660 
739 	 705 
740 	 719 
741 	 677 
742 	 687 
743 	 694 
744 	 368 
745 	 392 
746 	 248 
747 	 492 
748 	 245 
745 	 432 
746 	 554 
747 	 655 
748 	 279 
749 	 422 
750 	 263 
751 	 507 
752 	 284 
749 	 452 
750 	 638 
751 	 647 
752 	 311 
745 	 446 
746 	 575 
747 	 705 
748 	 636 
749 	 630 
750 	 680 
751 	 672 
752 	 324 
737 	 502 
738 	 677 
739 	 717 
740 	 736 
741 	 699 
742 	 714 
743 	 755 
744 	 712 
745 	 638 
746 	 622 
747 	 732 
748 	 653 
749 	 643 
750 	 689 
751 	 681 
752 	 340 
753 	 420 
754 	 226 
755 	 479 
756 	 267 
753 	 464 
754 	 580 
755 	 624 
756 	 294 
757 	 403 
758 	 257 
759 	 453 
760 	 254 
757 	 437 
758 	 591 
759 	 624 
760 	 276 
753 	 482 
754 	 601 
755 	 664 
756 	 626 
757 	 617 
758 	 628 
759 	 643 
760 	 294 
761 	 369 
762 	 221 
763 	 455 
764 	 247 
761 	 402 
762 	 548 
763 	 575 
764 	 266 
765 	 387 
766 	 234 
767 	 438 
768 	 256 
765 	 424 
766 	 555 
767 	 577 
768 	 275 
761 	 416 
762 	 562 
763 	 606 
764 	 612 
765 	 599 
766 	 585 
767 	 592 
768 	 285 
753 	 489 
754 	 616 
755 	 675 
756 	 639 
757 	 628 
758 	 650 
759 	 685 
760 	 626 
761 	 564 
762 	 597 
763 	 623 
764 	 623 
765 	 608 
766 	 597 
767 	 594 
768 	 300 
769 	 387 
770 	 204 
771 	 442 
772 	 241 
769 	 423 
770 	 539 
771 	 610 
772 	 262 
773 	 407 
774 	 228 
775 	 433 
776 	 219 
773 	 438 
774 	 521 
775 	 559 
776 	 237 
769 	 434 
770 	 552 
771 	 631 
772 	 619 
773 	 583 
774 	 549 
775 	 570 
776 	 242 
777 	 359 
778 	 229 
779 	 443 
780 	 238 
777 	 394 
778 	 553 
779 	 587 
780 	 262 
781 	 405 
782 	 215 
783 	 391 
784 	 229 
781 	 426 
782 	 546 
783 	 537 
784 	 253 
777 	 399 
778 	 570 
779 	 611 
780 	 621 
781 	 594 
782 	 574 
783 	 548 
784 	 263 
769 	 447 
770 	 562 
771 	 642 
772 	 632 
773 	 600 
774 	 574 
775 	 606 
776 	 616 
777 	 512 
778 	 599 
779 	 624 
780 	 624 
781 	 601 
782 	 577 
783 	 554 
784 	 268 
785 	 349 
786 	 195 
787 	 379 
788 	 222 
785 	 376 
786 	 497 
787 	 543 
788 	 245 
789 	 351 
790 	 215 
791 	 400 
792 	 208 
789 	 379 
790 	 511 
791 	 564 
792 	 230 
785 	 387 
786 	 509 
787 	 567 
788 	 607 
789 	 538 
790 	 535 
791 	 580 
792 	 238 
793 	 361 
794 	 192 
795 	 372 
796 	 218 
793 	 382 
794 	 494 
795 	 545 
796 	 243 
797 	 398 
798 	 194 
799 	 373 
800 	 234 
797 	 417 
798 	 493 
799 	 523 
800 	 253 
793 	 389 
794 	 510 
795 	 566 
796 	 612 
797 	 587 
798 	 520 
799 	 532 
800 	 265 
785 	 405 
786 	 518 
787 	 578 
788 	 616 
789 	 550 
790 	 557 
791 	 605 
792 	 600 
793 	 559 
794 	 543 
795 	 577 
796 	 626 
797 	 588 
798 	 522 
799 	 539 
800 	 265 
801 	 397 
802 	 210 
803 	 351 
804 	 229 
801 	 412 
802 	 506 
803 	 531 
804 	 262 
805 	 419 
806 	 221 
807 	 374 
808 	 197 
805 	 437 
806 	 559 
807 	 548 
808 	 223 
801 	 424 
802 	 513 
803 	 552 
804 	 660 
805 	 611 
806 	 586 
807 	 557 
808 	 228 
809 	 462 
810 	 226 
811 	 408 
812 	 218 
809 	 473 
810 	 570 
811 	 610 
812 	 236 
813 	 435 
814 	 195 
815 	 395 
816 	 218 
813 	 454 
814 	 567 
815 	 605 
816 	 237 
809 	 475 
810 	 578 
811 	 626 
812 	 593 
813 	 637 
814 	 586 
815 	 610 
816 	 241 
801 	 424 
802 	 520 
803 	 552 
804 	 661 
805 	 621 
806 	 590 
807 	 576 
808 	 630 
809 	 665 
810 	 603 
811 	 631 
812 	 594 
813 	 637 
814 	 590 
815 	 610 
816 	 242 
817 	 460 
818 	 257 
819 	 380 
820 	 223 
817 	 473 
818 	 593 
819 	 544 
820 	 243 
821 	 447 
822 	 248 
823 	 346 
824 	 250 
821 	 455 
822 	 551 
823 	 498 
824 	 266 
817 	 474 
818 	 596 
819 	 557 
820 	 579 
821 	 634 
822 	 562 
823 	 502 
824 	 265 
825 	 372 
826 	 206 
827 	 319 
828 	 207 
825 	 383 
826 	 509 
827 	 524 
828 	 217 
829 	 387 
830 	 212 
831 	 335 
832 	 195 
829 	 397 
830 	 538 
831 	 504 
832 	 205 
825 	 379 
826 	 515 
827 	 533 
828 	 536 
829 	 567 
830 	 557 
831 	 504 
832 	 209 
817 	 478 
818 	 597 
819 	 558 
820 	 580 
821 	 635 
822 	 569 
823 	 513 
824 	 576 
825 	 557 
826 	 528 
827 	 535 
828 	 538 
829 	 571 
830 	 556 
831 	 509 
832 	 207 
833 	 328 
834 	 194 
835 	 311 
836 	 155 
833 	 335 
834 	 519 
835 	 439 
836 	 178 
837 	 336 
838 	 162 
839 	 346 
840 	 154 
837 	 340 
838 	 449 
839 	 456 
840 	 169 
833 	 340 
834 	 527 
835 	 444 
836 	 442 
837 	 481 
838 	 465 
839 	 461 
840 	 174 
841 	 332 
842 	 145 
843 	 274 
844 	 108 
841 	 342 
842 	 397 
843 	 365 
844 	 122 
845 	 282 
846 	 107 
847 	 209 
848 	 114 
845 	 291 
846 	 287 
847 	 274 
848 	 135 
841 	 345 
842 	 399 
843 	 376 
844 	 321 
845 	 351 
846 	 300 
847 	 279 
848 	 142 
833 	 344 
834 	 527 
835 	 455 
836 	 443 
837 	 485 
838 	 472 
839 	 472 
840 	 485 
841 	 445 
842 	 420 
843 	 378 
844 	 331 
845 	 355 
846 	 306 
847 	 286 
848 	 154 
849 	 182 
850 	 111 
851 	 198 
852 	 100 
849 	 189 
850 	 290 
851 	 276 
852 	 122 
853 	 179 
854 	 123 
855 	 163 
856 	 87 
853 	 183 
854 	 260 
855 	 251 
856 	 100 
849 	 199 
850 	 298 
851 	 290 
852 	 251 
853 	 260 
854 	 280 
855 	 256 
856 	 106 
857 	 286 
858 	 150 
859 	 335 
860 	 145 
857 	 296 
858 	 467 
859 	 462 
860 	 158 
861 	 310 
862 	 171 
863 	 235 
864 	 129 
861 	 313 
862 	 425 
863 	 360 
864 	 151 
857 	 297 
858 	 468 
859 	 477 
860 	 438 
861 	 462 
862 	 437 
863 	 373 
864 	 157 
849 	 202 
850 	 300 
851 	 296 
852 	 253 
853 	 268 
854 	 285 
855 	 269 
856 	 316 
857 	 410 
858 	 485 
859 	 481 
860 	 434 
861 	 460 
862 	 448 
863 	 373 
864 	 151 
865 	 209 
866 	 138 
867 	 291 
868 	 139 
865 	 216 
866 	 397 
867 	 394 
868 	 153 
869 	 176 
870 	 128 
871 	 188 
872 	 134 
869 	 179 
870 	 318 
871 	 282 
872 	 152 
865 	 219 
866 	 400 
867 	 406 
868 	 321 
869 	 300 
870 	 334 
871 	 293 
872 	 154 
873 	 176 
874 	 118 
875 	 257 
876 	 150 
873 	 185 
874 	 314 
875 	 367 
876 	 170 
877 	 199 
878 	 155 
879 	 162 
880 	 122 
877 	 210 
878 	 337 
879 	 242 
880 	 141 
873 	 190 
874 	 314 
875 	 386 
876 	 338 
877 	 301 
878 	 355 
879 	 254 
880 	 150 
865 	 218 
866 	 405 
867 	 406 
868 	 323 
869 	 302 
870 	 339 
871 	 306 
872 	 306 
873 	 303 
874 	 342 
875 	 391 
876 	 344 
877 	 304 
878 	 359 
879 	 254 
880 	 150 
881 	 168 
882 	 107 
883 	 157 
884 	 128 
881 	 174 
882 	 225 
883 	 216 
884 	 152 
885 	 184 
886 	 144 
887 	 249 
888 	 141 
885 	 191 
886 	 300 
887 	 342 
888 	 176 
881 	 184 
882 	 235 
883 	 239 
884 	 288 
885 	 277 
886 	 325 
887 	 356 
888 	 185 
889 	 191 
890 	 137 
891 	 166 
892 	 129 
889 	 210 
890 	 290 
891 	 235 
892 	 155 
893 	 163 
894 	 116 
895 	 207 
896 	 136 
893 	 183 
894 	 255 
895 	 293 
896 	 153 
889 	 220 
890 	 299 
891 	 251 
892 	 277 
893 	 293 
894 	 281 
895 	 300 
896 	 176 
881 	 194 
882 	 242 
883 	 245 
884 	 296 
885 	 286 
886 	 338 
887 	 374 
888 	 339 
889 	 319 
890 	 323 
891 	 264 
892 	 280 
893 	 293 
894 	 288 
895 	 305 
896 	 195 
897 	 224 
898 	 141 
899 	 255 
900 	 169 
897 	 242 
898 	 312 
899 	 327 
900 	 187 
901 	 238 
902 	 141 
903 	 287 
904 	 207 
901 	 256 
902 	 334 
903 	 389 
904 	 226 
897 	 250 
898 	 326 
899 	 345 
900 	 355 
901 	 378 
902 	 359 
903 	 392 
904 	 231 
905 	 334 
906 	 190 
907 	 328 
908 	 242 
905 	 363 
906 	 432 
907 	 451 
908 	 271 
909 	 347 
910 	 214 
911 	 349 
912 	 218 
909 	 385 
910 	 509 
911 	 456 
912 	 269 
905 	 378 
906 	 442 
907 	 469 
908 	 536 
909 	 505 
910 	 537 
911 	 478 
912 	 288 
897 	 255 
898 	 330 
899 	 348 
900 	 360 
901 	 386 
902 	 374 
903 	 421 
904 	 488 
905 	 494 
906 	 467 
907 	 484 
908 	 543 
909 	 515 
910 	 541 
911 	 486 
912 	 299 
913 	 313 
914 	 206 
915 	 392 
916 	 231 
913 	 347 
914 	 499 
915 	 532 
916 	 261 
917 	 350 
918 	 208 
919 	 389 
920 	 245 
917 	 387 
918 	 504 
919 	 524 
920 	 271 
913 	 365 
914 	 511 
915 	 553 
916 	 575 
917 	 523 
918 	 528 
919 	 536 
920 	 291 
921 	 356 
922 	 197 
923 	 297 
924 	 178 
921 	 395 
922 	 426 
923 	 407 
924 	 223 
925 	 274 
926 	 186 
927 	 312 
928 	 219 
925 	 311 
926 	 406 
927 	 414 
928 	 258 
921 	 417 
922 	 442 
923 	 419 
924 	 455 
925 	 422 
926 	 436 
927 	 440 
928 	 296 
913 	 374 
914 	 520 
915 	 561 
916 	 583 
917 	 531 
918 	 536 
919 	 551 
920 	 596 
921 	 527 
922 	 476 
923 	 439 
924 	 462 
925 	 420 
926 	 451 
927 	 445 
928 	 320 
929 	 347 
930 	 167 
931 	 294 
932 	 155 
929 	 381 
930 	 349 
931 	 402 
932 	 199 
933 	 249 
934 	 171 
935 	 272 
936 	 169 
933 	 286 
934 	 323 
935 	 371 
936 	 217 
929 	 410 
930 	 370 
931 	 437 
932 	 362 
933 	 397 
934 	 357 
935 	 395 
936 	 266 
937 	 332 
938 	 214 
939 	 300 
940 	 224 
937 	 363 
938 	 479 
939 	 443 
940 	 301 
941 	 537 
942 	 268 
943 	 415 
944 	 234 
941 	 597 
942 	 622 
943 	 598 
944 	 334 
937 	 410 
938 	 502 
939 	 467 
940 	 630 
941 	 749 
942 	 673 
943 	 625 
944 	 392 
929 	 453 
930 	 393 
931 	 461 
932 	 393 
933 	 420 
934 	 378 
935 	 425 
936 	 446 
937 	 521 
938 	 532 
939 	 487 
940 	 647 
941 	 757 
942 	 686 
943 	 645 
944 	 421 
945 	 361 
946 	 203 
947 	 288 
948 	 184 
945 	 393 
946 	 469 
947 	 417 
948 	 220 
949 	 268 
950 	 183 
951 	 206 
952 	 158 
949 	 284 
950 	 360 
951 	 346 
952 	 185 
945 	 402 
946 	 485 
947 	 432 
948 	 448 
949 	 401 
950 	 368 
951 	 358 
952 	 211 
953 	 296 
954 	 161 
955 	 196 
956 	 136 
953 	 316 
954 	 326 
955 	 324 
956 	 154 
957 	 264 
958 	 128 
959 	 195 
960 	 154 
957 	 283 
958 	 322 
959 	 332 
960 	 167 
953 	 320 
954 	 333 
955 	 331 
956 	 372 
957 	 390 
958 	 335 
959 	 338 
960 	 171 
945 	 408 
946 	 483 
947 	 439 
948 	 456 
949 	 407 
950 	 386 
951 	 371 
952 	 397 
953 	 442 
954 	 356 
955 	 344 
956 	 371 
957 	 392 
958 	 338 
959 	 336 
960 	 179 
961 	 269 
962 	 153 
963 	 180 
964 	 145 
961 	 278 
962 	 354 
963 	 320 
964 	 165 
965 	 251 
966 	 134 
967 	 195 
968 	 136 
965 	 259 
966 	 327 
967 	 296 
968 	 145 
961 	 286 
962 	 360 
963 	 341 
964 	 351 
965 	 372 
966 	 338 
967 	 301 
968 	 155 
969 	 276 
970 	 136 
971 	 224 
972 	 114 
969 	 280 
970 	 361 
971 	 343 
972 	 130 
973 	 294 
974 	 150 
975 	 259 
976 	 140 
973 	 307 
974 	 354 
975 	 350 
976 	 157 
969 	 284 
970 	 360 
971 	 356 
972 	 352 
973 	 402 
974 	 360 
975 	 356 
976 	 168 
961 	 294 
962 	 358 
963 	 349 
964 	 353 
965 	 377 
966 	 343 
967 	 320 
968 	 313 
969 	 397 
970 	 375 
971 	 362 
972 	 353 
973 	 398 
974 	 372 
975 	 352 
976 	 180 
977 	 315 
978 	 126 
979 	 283 
980 	 153 
977 	 318 
978 	 387 
979 	 370 
980 	 163 
981 	 304 
982 	 141 
983 	 264 
984 	 124 
981 	 302 
982 	 403 
983 	 352 
984 	 141 
977 	 320 
978 	 394 
979 	 371 
980 	 413 
981 	 397 
982 	 412 
983 	 357 
984 	 149 
985 	 288 
986 	 110 
987 	 261 
988 	 119 
985 	 297 
986 	 320 
987 	 344 
988 	 132 
989 	 227 
990 	 102 
991 	 183 
992 	 96 
989 	 236 
990 	 272 
991 	 260 
992 	 115 
985 	 304 
986 	 326 
987 	 357 
988 	 293 
989 	 309 
990 	 291 
991 	 270 
992 	 149 
977 	 330 
978 	 392 
979 	 374 
980 	 421 
981 	 399 
982 	 420 
983 	 368 
984 	 374 
985 	 388 
986 	 341 
987 	 359 
988 	 298 
989 	 311 
990 	 294 
991 	 275 
992 	 162 
993 	 111 
994 	 81 
995 	 97 
996 	 73 
993 	 122 
994 	 161 
995 	 143 
996 	 87 
997 	 130 
998 	 89 
999 	 112 
1000 	 81 
997 	 136 
998 	 196 
999 	 175 
1000 	 94 
993 	 134 
994 	 176 
995 	 159 
996 	 175 
997 	 192 
998 	 206 
999 	 187 
1000 	 100 
1001 	 135 
1002 	 93 
1003 	 188 
1004 	 109 
1001 	 146 
1002 	 235 
1003 	 246 
1004 	 117 
1005 	 246 
1006 	 114 
1007 	 279 
1008 	 119 
1005 	 252 
1006 	 327 
1007 	 365 
1008 	 123 
1001 	 153 
1002 	 235 
1003 	 252 
1004 	 298 
1005 	 330 
1006 	 337 
1007 	 366 
1008 	 126 
993 	 150 
994 	 181 
995 	 166 
996 	 180 
997 	 196 
998 	 212 
999 	 196 
1000 	 181 
1001 	 205 
1002 	 244 
1003 	 254 
1004 	 298 
1005 	 337 
1006 	 335 
1007 	 363 
1008 	 131 
1009 	 346 
1010 	 104 
1011 	 422 
1012 	 154 
1009 	 348 
1010 	 397 
1011 	 501 
1012 	 163 
1013 	 59 
1014 	 1 
1013 	 59 
1014 	 1 
1015 	 1 
1016 	 1 
1009 	 351 
1010 	 398 
1011 	 502 
1012 	 338 
1013 	 130 
1014 	 1 
1015 	 1 
1016 	 1 
1009 	 351 
1010 	 398 
1011 	 502 
1012 	 338 
1013 	 130 
1014 	 1 
1015 	 1 
1016 	 1 
1017 	 1 
1018 	 1 
1019 	 1 
1020 	 1 
1021 	 1 
1022 	 1 
1023 	 1 
1024 	 1 
