512 	 5870 
256 	 2490 
256 	 3878 
128 	 568 
128 	 842 
64 	 288 
64 	 408 
8 	 193 
8 	 58 
4 	 24 
4 	 6 
2 	 78 
2 	 37 
1 	 69 
1 	 40 
1 	 118 
1 	 85 
4 	 235 
4 	 127 
2 	 151 
2 	 88 
1 	 127 
1 	 87 
1 	 167 
1 	 77 
2 	 258 
2 	 166 
1 	 216 
1 	 96 
1 	 255 
1 	 160 
32 	 938 
32 	 568 
16 	 544 
16 	 428 
8 	 312 
8 	 165 
4 	 270 
4 	 181 
2 	 241 
2 	 162 
1 	 223 
1 	 152 
1 	 231 
1 	 140 
2 	 318 
2 	 167 
1 	 287 
1 	 161 
1 	 248 
1 	 170 
4 	 514 
4 	 352 
2 	 286 
2 	 151 
1 	 254 
1 	 166 
1 	 460 
1 	 253 
2 	 581 
2 	 402 
1 	 520 
1 	 373 
1 	 518 
1 	 354 
8 	 694 
8 	 411 
4 	 638 
4 	 366 
2 	 548 
2 	 324 
1 	 497 
1 	 329 
1 	 486 
1 	 349 
2 	 515 
2 	 342 
1 	 484 
1 	 352 
1 	 456 
1 	 316 
4 	 635 
4 	 326 
2 	 540 
2 	 312 
1 	 461 
1 	 306 
1 	 410 
1 	 264 
2 	 554 
2 	 320 
1 	 407 
1 	 229 
1 	 415 
1 	 276 
16 	 884 
16 	 327 
8 	 739 
8 	 426 
4 	 666 
4 	 370 
2 	 512 
2 	 296 
1 	 400 
1 	 299 
1 	 452 
1 	 266 
2 	 592 
2 	 390 
1 	 493 
1 	 327 
1 	 478 
1 	 326 
4 	 658 
4 	 398 
2 	 532 
2 	 300 
1 	 411 
1 	 284 
1 	 427 
1 	 274 
2 	 520 
2 	 311 
1 	 398 
1 	 247 
1 	 354 
1 	 243 
8 	 770 
8 	 442 
4 	 772 
4 	 361 
2 	 563 
2 	 284 
1 	 360 
1 	 221 
1 	 434 
1 	 285 
2 	 671 
2 	 366 
1 	 497 
1 	 310 
1 	 488 
1 	 301 
4 	 690 
4 	 455 
2 	 542 
2 	 296 
1 	 413 
1 	 282 
1 	 434 
1 	 339 
2 	 562 
2 	 301 
1 	 446 
1 	 322 
1 	 366 
1 	 262 
64 	 1617 
64 	 1173 
32 	 796 
32 	 494 
16 	 757 
16 	 557 
8 	 549 
8 	 387 
4 	 480 
4 	 284 
2 	 383 
2 	 260 
1 	 323 
1 	 229 
1 	 321 
1 	 234 
2 	 381 
2 	 287 
1 	 302 
1 	 262 
1 	 392 
1 	 310 
4 	 648 
4 	 521 
2 	 501 
2 	 385 
1 	 397 
1 	 357 
1 	 545 
1 	 359 
2 	 666 
2 	 496 
1 	 595 
1 	 500 
1 	 648 
1 	 540 
8 	 755 
8 	 467 
4 	 691 
4 	 515 
2 	 620 
2 	 531 
1 	 601 
1 	 534 
1 	 567 
1 	 473 
2 	 630 
2 	 490 
1 	 556 
1 	 470 
1 	 574 
1 	 520 
4 	 647 
4 	 461 
2 	 608 
2 	 432 
1 	 515 
1 	 450 
1 	 567 
1 	 452 
2 	 585 
2 	 456 
1 	 471 
1 	 418 
1 	 441 
1 	 371 
16 	 701 
16 	 406 
8 	 673 
8 	 424 
4 	 626 
4 	 415 
2 	 581 
2 	 417 
1 	 441 
1 	 360 
1 	 462 
1 	 377 
2 	 580 
2 	 394 
1 	 482 
1 	 374 
1 	 455 
1 	 355 
4 	 560 
4 	 444 
2 	 534 
2 	 409 
1 	 464 
1 	 345 
1 	 426 
1 	 330 
2 	 513 
2 	 406 
1 	 459 
1 	 353 
1 	 403 
1 	 325 
8 	 1257 
8 	 808 
4 	 1000 
4 	 644 
2 	 479 
2 	 375 
1 	 398 
1 	 326 
1 	 520 
1 	 320 
2 	 1179 
2 	 788 
1 	 1039 
1 	 673 
1 	 1291 
1 	 741 
4 	 1378 
4 	 944 
2 	 1400 
2 	 837 
1 	 1237 
1 	 791 
1 	 1298 
1 	 817 
2 	 1381 
2 	 846 
1 	 1264 
1 	 762 
1 	 1262 
1 	 815 
32 	 1522 
32 	 1137 
16 	 1420 
16 	 897 
8 	 1555 
8 	 925 
4 	 1553 
4 	 962 
2 	 1418 
2 	 827 
1 	 1202 
1 	 894 
1 	 1328 
1 	 928 
2 	 1470 
2 	 872 
1 	 1231 
1 	 858 
1 	 1099 
1 	 741 
4 	 1241 
4 	 819 
2 	 1167 
2 	 824 
1 	 1036 
1 	 761 
1 	 967 
1 	 689 
2 	 1184 
2 	 751 
1 	 915 
1 	 661 
1 	 927 
1 	 687 
8 	 1134 
8 	 814 
4 	 1115 
4 	 800 
2 	 974 
2 	 732 
1 	 781 
1 	 631 
1 	 745 
1 	 620 
2 	 967 
2 	 754 
1 	 769 
1 	 591 
1 	 761 
1 	 608 
4 	 957 
4 	 774 
2 	 850 
2 	 724 
1 	 724 
1 	 595 
1 	 651 
1 	 562 
2 	 714 
2 	 616 
1 	 590 
1 	 508 
1 	 630 
1 	 455 
16 	 1439 
16 	 765 
8 	 1066 
8 	 716 
4 	 856 
4 	 618 
2 	 705 
2 	 546 
1 	 593 
1 	 432 
1 	 569 
1 	 447 
2 	 699 
2 	 549 
1 	 522 
1 	 430 
1 	 520 
1 	 428 
4 	 949 
4 	 612 
2 	 766 
2 	 572 
1 	 633 
1 	 485 
1 	 504 
1 	 406 
2 	 777 
2 	 565 
1 	 566 
1 	 479 
1 	 515 
1 	 376 
8 	 1462 
8 	 662 
4 	 1014 
4 	 547 
2 	 721 
2 	 446 
1 	 547 
1 	 412 
1 	 486 
1 	 383 
2 	 827 
2 	 539 
1 	 523 
1 	 413 
1 	 626 
1 	 472 
4 	 1271 
4 	 672 
2 	 1071 
2 	 584 
1 	 715 
1 	 519 
1 	 781 
1 	 516 
2 	 1041 
2 	 601 
1 	 747 
1 	 546 
1 	 765 
1 	 511 
128 	 2870 
128 	 1140 
64 	 1995 
64 	 598 
32 	 1747 
32 	 910 
16 	 1891 
16 	 1067 
8 	 1430 
8 	 652 
4 	 1216 
4 	 675 
2 	 1058 
2 	 581 
1 	 766 
1 	 519 
1 	 827 
1 	 498 
2 	 1115 
2 	 592 
1 	 800 
1 	 523 
1 	 855 
1 	 555 
4 	 1454 
4 	 742 
2 	 1132 
2 	 706 
1 	 889 
1 	 564 
1 	 959 
1 	 628 
2 	 1606 
2 	 857 
1 	 1120 
1 	 707 
1 	 1351 
1 	 889 
8 	 1819 
8 	 1000 
4 	 1777 
4 	 900 
2 	 1605 
2 	 987 
1 	 1354 
1 	 862 
1 	 1320 
1 	 840 
2 	 1692 
2 	 964 
1 	 1353 
1 	 894 
1 	 1379 
1 	 976 
4 	 1560 
4 	 970 
2 	 1540 
2 	 1050 
1 	 1307 
1 	 894 
1 	 1312 
1 	 953 
2 	 1302 
2 	 906 
1 	 1275 
1 	 817 
1 	 1150 
1 	 764 
16 	 964 
16 	 412 
8 	 946 
8 	 428 
4 	 1257 
4 	 692 
2 	 1089 
2 	 685 
1 	 1005 
1 	 715 
1 	 991 
1 	 741 
2 	 810 
2 	 459 
1 	 675 
1 	 454 
1 	 475 
1 	 384 
4 	 698 
4 	 275 
2 	 547 
2 	 303 
1 	 450 
1 	 313 
1 	 399 
1 	 263 
2 	 499 
2 	 262 
1 	 402 
1 	 278 
1 	 410 
1 	 275 
8 	 746 
8 	 306 
4 	 669 
4 	 333 
2 	 527 
2 	 310 
1 	 402 
1 	 284 
1 	 467 
1 	 330 
2 	 537 
2 	 313 
1 	 434 
1 	 294 
1 	 432 
1 	 260 
4 	 664 
4 	 297 
2 	 548 
2 	 314 
1 	 459 
1 	 275 
1 	 422 
1 	 273 
2 	 648 
2 	 312 
1 	 474 
1 	 276 
1 	 556 
1 	 329 
32 	 1085 
32 	 719 
16 	 998 
16 	 574 
8 	 925 
8 	 612 
4 	 809 
4 	 436 
2 	 826 
2 	 424 
1 	 615 
1 	 380 
1 	 702 
1 	 418 
2 	 807 
2 	 491 
1 	 662 
1 	 470 
1 	 590 
1 	 418 
4 	 926 
4 	 523 
2 	 841 
2 	 486 
1 	 698 
1 	 419 
1 	 827 
1 	 500 
2 	 663 
2 	 389 
1 	 542 
1 	 334 
1 	 520 
1 	 312 
8 	 636 
8 	 421 
4 	 545 
4 	 312 
2 	 561 
2 	 265 
1 	 466 
1 	 281 
1 	 435 
1 	 286 
2 	 424 
2 	 303 
1 	 343 
1 	 271 
1 	 374 
1 	 269 
4 	 456 
4 	 343 
2 	 438 
2 	 300 
1 	 380 
1 	 332 
1 	 403 
1 	 297 
2 	 411 
2 	 282 
1 	 337 
1 	 293 
1 	 399 
1 	 321 
16 	 644 
16 	 346 
8 	 541 
8 	 333 
4 	 441 
4 	 369 
2 	 517 
2 	 456 
1 	 471 
1 	 328 
1 	 432 
1 	 416 
2 	 395 
2 	 312 
1 	 389 
1 	 269 
1 	 326 
1 	 291 
4 	 560 
4 	 413 
2 	 459 
2 	 336 
1 	 392 
1 	 303 
1 	 424 
1 	 350 
2 	 492 
2 	 408 
1 	 459 
1 	 368 
1 	 426 
1 	 362 
8 	 728 
8 	 420 
4 	 582 
4 	 368 
2 	 399 
2 	 334 
1 	 377 
1 	 334 
1 	 446 
1 	 374 
2 	 570 
2 	 432 
1 	 444 
1 	 389 
1 	 533 
1 	 407 
4 	 744 
4 	 467 
2 	 659 
2 	 479 
1 	 560 
1 	 424 
1 	 581 
1 	 465 
2 	 668 
2 	 484 
1 	 623 
1 	 481 
1 	 641 
1 	 470 
64 	 1251 
64 	 291 
32 	 1963 
32 	 1297 
16 	 1768 
16 	 1367 
8 	 1419 
8 	 907 
4 	 787 
4 	 550 
2 	 695 
2 	 553 
1 	 647 
1 	 510 
1 	 684 
1 	 545 
2 	 823 
2 	 558 
1 	 697 
1 	 536 
1 	 954 
1 	 638 
4 	 1955 
4 	 1246 
2 	 1615 
2 	 1136 
1 	 1431 
1 	 1060 
1 	 1547 
1 	 1094 
2 	 1911 
2 	 1272 
1 	 1800 
1 	 1291 
1 	 1503 
1 	 1146 
8 	 1483 
8 	 843 
4 	 1486 
4 	 1017 
2 	 1387 
2 	 1066 
1 	 1124 
1 	 932 
1 	 930 
1 	 830 
2 	 1012 
2 	 813 
1 	 818 
1 	 713 
1 	 761 
1 	 656 
4 	 1159 
4 	 679 
2 	 885 
2 	 610 
1 	 756 
1 	 545 
1 	 793 
1 	 550 
2 	 824 
2 	 528 
1 	 691 
1 	 445 
1 	 656 
1 	 383 
16 	 1487 
16 	 632 
8 	 1332 
8 	 692 
4 	 1160 
4 	 483 
2 	 962 
2 	 405 
1 	 639 
1 	 347 
1 	 755 
1 	 353 
2 	 933 
2 	 398 
1 	 768 
1 	 411 
1 	 747 
1 	 422 
4 	 1242 
4 	 520 
2 	 1047 
2 	 470 
1 	 914 
1 	 450 
1 	 831 
1 	 442 
2 	 1010 
2 	 537 
1 	 849 
1 	 443 
1 	 836 
1 	 468 
8 	 762 
8 	 390 
4 	 881 
4 	 477 
2 	 825 
2 	 472 
1 	 701 
1 	 387 
1 	 578 
1 	 391 
2 	 727 
2 	 566 
1 	 742 
1 	 436 
1 	 657 
1 	 452 
4 	 406 
4 	 226 
2 	 542 
2 	 327 
1 	 519 
1 	 333 
1 	 408 
1 	 246 
2 	 152 
2 	 68 
1 	 124 
1 	 90 
1 	 57 
1 	 65 
8 	 47 
8 	 12 
4 	 73 
4 	 72 
2 	 66 
2 	 52 
1 	 57 
1 	 53 
1 	 35 
1 	 44 
2 	 49 
2 	 26 
1 	 44 
1 	 27 
1 	 19 
1 	 13 
1 	 7 
1 	 0 
