101 	 0 	 0 	 1 
102 	 6 	 6 	 1 
103 	 200 	 200 	 126 
104 	 305 	 290 	 77 
101 	 0 	 0 	 1 
102 	 6 	 6 	 26 
103 	 200 	 200 	 130 
104 	 305 	 290 	 78 
97 	 0 	 0 	 1 
98 	 0 	 0 	 1 
99 	 0 	 0 	 1 
100 	 0 	 0 	 1 
101 	 0 	 0 	 1 
102 	 6 	 6 	 26 
103 	 200 	 200 	 130 
104 	 305 	 290 	 78 
105 	 309 	 284 	 287 
106 	 413 	 372 	 176 
107 	 486 	 472 	 516 
108 	 583 	 545 	 312 
105 	 309 	 327 	 309 
106 	 413 	 469 	 538 
107 	 486 	 555 	 737 
108 	 583 	 612 	 397 
109 	 694 	 606 	 568 
110 	 561 	 619 	 355 
111 	 495 	 488 	 467 
112 	 504 	 501 	 281 
109 	 694 	 668 	 621 
110 	 561 	 679 	 725 
111 	 495 	 627 	 770 
112 	 504 	 608 	 386 
105 	 309 	 357 	 324 
106 	 413 	 565 	 549 
107 	 486 	 678 	 769 
108 	 583 	 805 	 903 
109 	 694 	 862 	 930 
110 	 561 	 964 	 833 
111 	 495 	 781 	 762 
112 	 504 	 725 	 394 
97 	 0 	 0 	 1 
98 	 0 	 0 	 1 
99 	 0 	 0 	 1 
100 	 0 	 0 	 1 
101 	 0 	 0 	 1 
102 	 6 	 6 	 29 
103 	 200 	 200 	 141 
104 	 305 	 390 	 308 
105 	 309 	 464 	 470 
106 	 413 	 651 	 591 
107 	 486 	 754 	 749 
108 	 583 	 873 	 881 
109 	 694 	 942 	 915 
110 	 561 	 1027 	 824 
111 	 495 	 828 	 757 
112 	 504 	 755 	 392 
113 	 726 	 827 	 531 
114 	 1208 	 1031 	 363 
115 	 994 	 947 	 704 
116 	 920 	 948 	 432 
113 	 726 	 1099 	 582 
114 	 1208 	 1176 	 888 
115 	 994 	 1106 	 1007 
116 	 920 	 1066 	 527 
117 	 912 	 899 	 700 
118 	 961 	 943 	 417 
119 	 978 	 955 	 733 
120 	 1031 	 1013 	 448 
117 	 912 	 1063 	 750 
118 	 961 	 1051 	 991 
119 	 978 	 1112 	 1078 
120 	 1031 	 1183 	 544 
113 	 726 	 1200 	 607 
114 	 1208 	 1414 	 912 
115 	 994 	 1416 	 1058 
116 	 920 	 1389 	 1091 
117 	 912 	 1319 	 1082 
118 	 961 	 1297 	 1074 
119 	 978 	 1338 	 1086 
120 	 1031 	 1333 	 540 
121 	 1013 	 1010 	 706 
122 	 1209 	 1142 	 409 
123 	 1170 	 1163 	 726 
124 	 1099 	 1091 	 433 
121 	 1013 	 1209 	 749 
122 	 1209 	 1258 	 1033 
123 	 1170 	 1360 	 1074 
124 	 1099 	 1274 	 502 
125 	 1393 	 1227 	 777 
126 	 1161 	 1224 	 460 
127 	 1070 	 1055 	 680 
128 	 1118 	 1143 	 404 
125 	 1393 	 1337 	 848 
126 	 1161 	 1292 	 1079 
127 	 1070 	 1235 	 1012 
128 	 1118 	 1342 	 497 
121 	 1013 	 1363 	 769 
122 	 1209 	 1438 	 1056 
123 	 1170 	 1506 	 1121 
124 	 1099 	 1540 	 1132 
125 	 1393 	 1632 	 1172 
126 	 1161 	 1529 	 1154 
127 	 1070 	 1430 	 1025 
128 	 1118 	 1455 	 504 
113 	 726 	 1269 	 637 
114 	 1208 	 1484 	 951 
115 	 994 	 1497 	 1089 
116 	 920 	 1512 	 1122 
117 	 912 	 1554 	 1096 
118 	 961 	 1641 	 1086 
119 	 978 	 1739 	 1113 
120 	 1031 	 1738 	 1142 
121 	 1013 	 1752 	 1109 
122 	 1209 	 1725 	 1125 
123 	 1170 	 1747 	 1127 
124 	 1099 	 1732 	 1136 
125 	 1393 	 1787 	 1170 
126 	 1161 	 1668 	 1150 
127 	 1070 	 1560 	 1017 
128 	 1118 	 1568 	 509 
129 	 1063 	 1038 	 664 
130 	 1041 	 1066 	 351 
131 	 1096 	 1038 	 693 
132 	 1103 	 1101 	 378 
129 	 1063 	 1085 	 732 
130 	 1041 	 1109 	 901 
131 	 1096 	 1180 	 932 
132 	 1103 	 1182 	 454 
133 	 1058 	 1010 	 635 
134 	 1077 	 1040 	 364 
135 	 1071 	 1040 	 671 
136 	 1134 	 1126 	 400 
133 	 1058 	 1038 	 713 
134 	 1077 	 1091 	 874 
135 	 1071 	 1133 	 904 
136 	 1134 	 1217 	 494 
129 	 1063 	 1151 	 766 
130 	 1041 	 1178 	 926 
131 	 1096 	 1260 	 989 
132 	 1103 	 1255 	 1016 
133 	 1058 	 1211 	 940 
134 	 1077 	 1209 	 953 
135 	 1071 	 1236 	 940 
136 	 1134 	 1326 	 539 
137 	 1085 	 1066 	 675 
138 	 1076 	 1056 	 413 
139 	 1103 	 1103 	 747 
140 	 1203 	 1190 	 426 
137 	 1085 	 1098 	 774 
138 	 1076 	 1129 	 989 
139 	 1103 	 1179 	 1006 
140 	 1203 	 1280 	 525 
141 	 1098 	 1069 	 714 
142 	 1091 	 1068 	 481 
143 	 1177 	 1155 	 833 
144 	 1496 	 1473 	 518 
141 	 1098 	 1129 	 832 
142 	 1091 	 1132 	 1069 
143 	 1177 	 1215 	 1109 
144 	 1496 	 1532 	 626 
137 	 1085 	 1230 	 803 
138 	 1076 	 1254 	 1022 
139 	 1103 	 1303 	 1071 
140 	 1203 	 1381 	 1108 
141 	 1098 	 1320 	 1081 
142 	 1091 	 1304 	 1156 
143 	 1177 	 1343 	 1162 
144 	 1496 	 1639 	 690 
129 	 1063 	 1351 	 800 
130 	 1041 	 1358 	 945 
131 	 1096 	 1436 	 1003 
132 	 1103 	 1441 	 1032 
133 	 1058 	 1396 	 960 
134 	 1077 	 1400 	 984 
135 	 1071 	 1430 	 1005 
136 	 1134 	 1561 	 1078 
137 	 1085 	 1476 	 1047 
138 	 1076 	 1481 	 1101 
139 	 1103 	 1528 	 1108 
140 	 1203 	 1578 	 1131 
141 	 1098 	 1471 	 1099 
142 	 1091 	 1452 	 1161 
143 	 1177 	 1496 	 1177 
144 	 1496 	 1783 	 756 
145 	 1949 	 1789 	 1322 
146 	 2179 	 2089 	 727 
147 	 2447 	 2322 	 1758 
148 	 2415 	 2246 	 824 
145 	 1949 	 2043 	 1435 
146 	 2179 	 2478 	 1906 
147 	 2447 	 2758 	 2311 
148 	 2415 	 2434 	 955 
149 	 2403 	 2462 	 1668 
150 	 2663 	 2090 	 954 
151 	 2704 	 2461 	 1653 
152 	 2537 	 2105 	 966 
149 	 2403 	 2767 	 1783 
150 	 2663 	 2780 	 2285 
151 	 2704 	 2661 	 2300 
152 	 2537 	 2281 	 1131 
145 	 1949 	 2425 	 1490 
146 	 2179 	 2890 	 1974 
147 	 2447 	 3262 	 2410 
148 	 2415 	 3198 	 2377 
149 	 2403 	 3292 	 2368 
150 	 2663 	 3142 	 2403 
151 	 2704 	 2950 	 2350 
152 	 2537 	 2491 	 1182 
153 	 2820 	 2552 	 1939 
154 	 2904 	 2341 	 1004 
155 	 2853 	 2730 	 2046 
156 	 2884 	 2541 	 1043 
153 	 2820 	 3202 	 2067 
154 	 2904 	 3228 	 2670 
155 	 2853 	 2945 	 2768 
156 	 2884 	 2721 	 1194 
157 	 3079 	 3012 	 2133 
158 	 3029 	 2725 	 1045 
159 	 2708 	 2547 	 1885 
160 	 2746 	 2477 	 980 
157 	 3079 	 3544 	 2268 
158 	 3029 	 3405 	 2669 
159 	 2708 	 2913 	 2592 
160 	 2746 	 2649 	 1130 
153 	 2820 	 3596 	 2156 
154 	 2904 	 3771 	 2743 
155 	 2853 	 3871 	 2887 
156 	 2884 	 3998 	 2870 
157 	 3079 	 3921 	 2994 
158 	 3029 	 3664 	 2801 
159 	 2708 	 3069 	 2631 
160 	 2746 	 2759 	 1174 
145 	 1949 	 2682 	 1586 
146 	 2179 	 3166 	 2032 
147 	 2447 	 3592 	 2451 
148 	 2415 	 3608 	 2427 
149 	 2403 	 3770 	 2421 
150 	 2663 	 3781 	 2465 
151 	 2704 	 3831 	 2449 
152 	 2537 	 3847 	 2559 
153 	 2820 	 4005 	 2737 
154 	 2904 	 4032 	 2843 
155 	 2853 	 4083 	 2909 
156 	 2884 	 4154 	 2889 
157 	 3079 	 4059 	 3020 
158 	 3029 	 3817 	 2829 
159 	 2708 	 3214 	 2661 
160 	 2746 	 2862 	 1264 
161 	 2815 	 2613 	 1951 
162 	 2924 	 2555 	 991 
163 	 2835 	 2502 	 1825 
164 	 2545 	 2497 	 963 
161 	 2815 	 3190 	 2049 
162 	 2924 	 3044 	 2625 
163 	 2835 	 3015 	 2500 
164 	 2545 	 2863 	 1087 
165 	 2383 	 2269 	 1637 
166 	 2322 	 2294 	 881 
167 	 2253 	 2176 	 1549 
168 	 2312 	 2247 	 895 
165 	 2383 	 2711 	 1724 
166 	 2322 	 2622 	 2101 
167 	 2253 	 2583 	 2108 
168 	 2312 	 2753 	 1018 
161 	 2815 	 3491 	 2105 
162 	 2924 	 3575 	 2692 
163 	 2835 	 3775 	 2594 
164 	 2545 	 3659 	 2379 
165 	 2383 	 3421 	 2355 
166 	 2322 	 3111 	 2209 
167 	 2253 	 2871 	 2161 
168 	 2312 	 2862 	 1090 
169 	 2393 	 2311 	 1732 
170 	 2376 	 2252 	 908 
171 	 2467 	 2328 	 1695 
172 	 2386 	 2316 	 948 
169 	 2393 	 2652 	 1829 
170 	 2376 	 2535 	 2291 
171 	 2467 	 2753 	 2268 
172 	 2386 	 2789 	 1063 
173 	 2424 	 2269 	 1649 
174 	 2354 	 2228 	 931 
175 	 2455 	 2360 	 1746 
176 	 2599 	 2558 	 916 
173 	 2424 	 2635 	 1766 
174 	 2354 	 2887 	 2245 
175 	 2455 	 2653 	 2383 
176 	 2599 	 2955 	 1057 
169 	 2393 	 2963 	 1882 
170 	 2376 	 2958 	 2364 
171 	 2467 	 3300 	 2393 
172 	 2386 	 3448 	 2425 
173 	 2424 	 3501 	 2408 
174 	 2354 	 3567 	 2363 
175 	 2455 	 3149 	 2433 
176 	 2599 	 3282 	 1119 
161 	 2815 	 3579 	 2187 
162 	 2924 	 3670 	 2731 
163 	 2835 	 3910 	 2632 
164 	 2545 	 3872 	 2425 
165 	 2383 	 3780 	 2409 
166 	 2322 	 3744 	 2284 
167 	 2253 	 3655 	 2268 
168 	 2312 	 3726 	 2399 
169 	 2393 	 3721 	 2448 
170 	 2376 	 3586 	 2466 
171 	 2467 	 3748 	 2450 
172 	 2386 	 3658 	 2459 
173 	 2424 	 3639 	 2439 
174 	 2354 	 3672 	 2388 
175 	 2455 	 3238 	 2473 
176 	 2599 	 3363 	 1124 
177 	 2041 	 1937 	 1434 
178 	 1978 	 1938 	 829 
179 	 1949 	 1871 	 1332 
180 	 1875 	 1803 	 731 
177 	 2041 	 2050 	 1539 
178 	 1978 	 2078 	 1849 
179 	 1949 	 2158 	 1808 
180 	 1875 	 2164 	 853 
181 	 1941 	 1870 	 1316 
182 	 1904 	 1830 	 773 
183 	 1782 	 1649 	 1190 
184 	 1743 	 1650 	 701 
181 	 1941 	 1950 	 1445 
182 	 1904 	 1942 	 1689 
183 	 1782 	 1878 	 1670 
184 	 1743 	 1834 	 831 
177 	 2041 	 2227 	 1607 
178 	 1978 	 2245 	 1929 
179 	 1949 	 2340 	 1956 
180 	 1875 	 2378 	 1884 
181 	 1941 	 2557 	 1897 
182 	 1904 	 2470 	 1810 
183 	 1782 	 2342 	 1726 
184 	 1743 	 2200 	 882 
185 	 1813 	 1716 	 1180 
186 	 1842 	 1729 	 643 
187 	 1833 	 1718 	 1291 
188 	 1851 	 1754 	 699 
185 	 1813 	 1764 	 1303 
186 	 1842 	 1834 	 1575 
187 	 1833 	 1877 	 1734 
188 	 1851 	 1925 	 819 
189 	 1884 	 1763 	 1278 
190 	 1935 	 1806 	 751 
191 	 1887 	 1735 	 1244 
192 	 1877 	 1775 	 690 
189 	 1884 	 1799 	 1403 
190 	 1935 	 1868 	 1686 
191 	 1887 	 1854 	 1687 
192 	 1877 	 1919 	 823 
185 	 1813 	 1810 	 1383 
186 	 1842 	 1890 	 1692 
187 	 1833 	 1944 	 1897 
188 	 1851 	 2045 	 1839 
189 	 1884 	 2163 	 1805 
190 	 1935 	 2282 	 1812 
191 	 1887 	 2266 	 1748 
192 	 1877 	 2319 	 886 
177 	 2041 	 2338 	 1655 
178 	 1978 	 2370 	 1957 
179 	 1949 	 2495 	 1979 
180 	 1875 	 2561 	 1917 
181 	 1941 	 2716 	 1963 
182 	 1904 	 2631 	 1890 
183 	 1782 	 2501 	 1874 
184 	 1743 	 2386 	 1745 
185 	 1813 	 2409 	 1801 
186 	 1842 	 2466 	 1817 
187 	 1833 	 2458 	 1958 
188 	 1851 	 2500 	 1888 
189 	 1884 	 2535 	 1850 
190 	 1935 	 2577 	 1845 
191 	 1887 	 2519 	 1782 
192 	 1877 	 2560 	 974 
193 	 1916 	 1781 	 1229 
194 	 1943 	 1799 	 705 
195 	 2076 	 1919 	 1331 
196 	 2238 	 1866 	 804 
193 	 1916 	 1826 	 1364 
194 	 1943 	 2014 	 1705 
195 	 2076 	 2051 	 1770 
196 	 2238 	 1999 	 932 
197 	 2385 	 2120 	 1593 
198 	 2342 	 2072 	 835 
199 	 2316 	 2046 	 1552 
200 	 2488 	 2086 	 831 
197 	 2385 	 2218 	 1710 
198 	 2342 	 2258 	 2014 
199 	 2316 	 2236 	 2070 
200 	 2488 	 2243 	 972 
193 	 1916 	 1866 	 1418 
194 	 1943 	 2085 	 1809 
195 	 2076 	 2144 	 1940 
196 	 2238 	 2332 	 2140 
197 	 2385 	 2533 	 2253 
198 	 2342 	 2614 	 2163 
199 	 2316 	 2646 	 2150 
200 	 2488 	 2690 	 1037 
201 	 2489 	 2176 	 1549 
202 	 2651 	 2293 	 813 
203 	 2695 	 2342 	 1736 
204 	 2658 	 2421 	 943 
201 	 2489 	 2302 	 1694 
202 	 2651 	 2628 	 2213 
203 	 2695 	 2654 	 2306 
204 	 2658 	 2618 	 1099 
205 	 2644 	 2349 	 1739 
206 	 2725 	 2630 	 910 
207 	 2769 	 2545 	 1825 
208 	 2784 	 2749 	 960 
205 	 2644 	 2565 	 1884 
206 	 2725 	 2936 	 2371 
207 	 2769 	 3039 	 2412 
208 	 2784 	 3014 	 1110 
201 	 2489 	 2353 	 1770 
202 	 2651 	 2710 	 2313 
203 	 2695 	 2819 	 2475 
204 	 2658 	 3000 	 2497 
205 	 2644 	 3122 	 2449 
206 	 2725 	 3301 	 2512 
207 	 2769 	 3341 	 2498 
208 	 2784 	 3377 	 1184 
193 	 1916 	 1918 	 1471 
194 	 1943 	 2145 	 1847 
195 	 2076 	 2199 	 1982 
196 	 2238 	 2392 	 2184 
197 	 2385 	 2609 	 2304 
198 	 2342 	 2728 	 2267 
199 	 2316 	 2817 	 2290 
200 	 2488 	 3024 	 2267 
201 	 2489 	 3130 	 2288 
202 	 2651 	 3424 	 2464 
203 	 2695 	 3460 	 2563 
204 	 2658 	 3564 	 2563 
205 	 2644 	 3619 	 2505 
206 	 2725 	 3750 	 2574 
207 	 2769 	 3755 	 2567 
208 	 2784 	 3725 	 1288 
209 	 2879 	 2663 	 2045 
210 	 3140 	 3094 	 1111 
211 	 3150 	 2945 	 2315 
212 	 3257 	 3257 	 1164 
209 	 2879 	 2991 	 2194 
210 	 3140 	 3425 	 2972 
211 	 3150 	 3456 	 3057 
212 	 3257 	 3709 	 1326 
213 	 3264 	 3090 	 2380 
214 	 3246 	 3229 	 1146 
215 	 3437 	 3206 	 2475 
216 	 3517 	 3398 	 1173 
213 	 3264 	 3502 	 2539 
214 	 3246 	 3647 	 3058 
215 	 3437 	 3797 	 3250 
216 	 3517 	 3881 	 1356 
209 	 2879 	 3197 	 2268 
210 	 3140 	 3794 	 3067 
211 	 3150 	 3998 	 3208 
212 	 3257 	 4350 	 3270 
213 	 3264 	 4448 	 3315 
214 	 3246 	 4445 	 3224 
215 	 3437 	 4463 	 3341 
216 	 3517 	 4463 	 1433 
217 	 3812 	 3874 	 2653 
218 	 4429 	 4186 	 1275 
219 	 4841 	 4690 	 3011 
220 	 4757 	 4596 	 1505 
217 	 3812 	 4844 	 2839 
218 	 4429 	 5235 	 3782 
219 	 4841 	 5412 	 3988 
220 	 4757 	 5110 	 1702 
221 	 4970 	 4852 	 3219 
222 	 5261 	 4959 	 1479 
223 	 6179 	 6239 	 3633 
224 	 5749 	 5411 	 1960 
221 	 4970 	 6112 	 3448 
222 	 5261 	 6301 	 4492 
223 	 6179 	 6961 	 4793 
224 	 5749 	 5998 	 2175 
217 	 3812 	 5169 	 2929 
218 	 4429 	 5941 	 3900 
219 	 4841 	 6757 	 4247 
220 	 4757 	 7091 	 4277 
221 	 4970 	 7352 	 4510 
222 	 5261 	 7264 	 4722 
223 	 6179 	 7723 	 4892 
224 	 5749 	 6621 	 2278 
209 	 2879 	 3347 	 2345 
210 	 3140 	 3955 	 3137 
211 	 3150 	 4182 	 3285 
212 	 3257 	 4536 	 3352 
213 	 3264 	 4757 	 3410 
214 	 3246 	 5004 	 3337 
215 	 3437 	 5365 	 3556 
216 	 3517 	 5832 	 3568 
217 	 3812 	 6539 	 3818 
218 	 4429 	 7092 	 4107 
219 	 4841 	 7670 	 4351 
220 	 4757 	 7817 	 4344 
221 	 4970 	 7911 	 4558 
222 	 5261 	 7722 	 4761 
223 	 6179 	 8110 	 4929 
224 	 5749 	 6920 	 2354 
225 	 5718 	 5708 	 3662 
226 	 5666 	 5297 	 1869 
227 	 5563 	 5378 	 3513 
228 	 5609 	 5113 	 1862 
225 	 5718 	 6564 	 3884 
226 	 5666 	 6434 	 4955 
227 	 5563 	 6115 	 4756 
228 	 5609 	 5686 	 2089 
229 	 5876 	 5465 	 3740 
230 	 5638 	 5207 	 1971 
231 	 5508 	 5104 	 3855 
232 	 5461 	 5169 	 2020 
229 	 5876 	 6034 	 4002 
230 	 5638 	 5912 	 5257 
231 	 5508 	 5913 	 5222 
232 	 5461 	 5697 	 2250 
225 	 5718 	 7213 	 4025 
226 	 5666 	 7373 	 5110 
227 	 5563 	 7373 	 5039 
228 	 5609 	 7195 	 5264 
229 	 5876 	 7083 	 5349 
230 	 5638 	 6679 	 5494 
231 	 5508 	 6468 	 5352 
232 	 5461 	 6161 	 2399 
233 	 5563 	 5212 	 3885 
234 	 5781 	 5305 	 2067 
235 	 5899 	 5368 	 3968 
236 	 5501 	 4949 	 1968 
233 	 5563 	 5804 	 4203 
234 	 5781 	 6107 	 5386 
235 	 5899 	 6117 	 5319 
236 	 5501 	 5289 	 2220 
237 	 5356 	 4831 	 3533 
238 	 5229 	 4704 	 1863 
239 	 5285 	 4741 	 3403 
240 	 5128 	 4546 	 1834 
237 	 5356 	 5315 	 3831 
238 	 5229 	 5295 	 4684 
239 	 5285 	 5149 	 4603 
240 	 5128 	 4813 	 2124 
233 	 5563 	 6314 	 4334 
234 	 5781 	 6756 	 5507 
235 	 5899 	 6918 	 5616 
236 	 5501 	 6274 	 5303 
237 	 5356 	 5987 	 5156 
238 	 5229 	 5770 	 4968 
239 	 5285 	 5567 	 4765 
240 	 5128 	 5212 	 2330 
225 	 5718 	 8253 	 4129 
226 	 5666 	 8429 	 5178 
227 	 5563 	 8378 	 5098 
228 	 5609 	 8044 	 5342 
229 	 5876 	 7979 	 5437 
230 	 5638 	 7708 	 5628 
231 	 5508 	 7774 	 5651 
232 	 5461 	 7690 	 5644 
233 	 5563 	 7776 	 5702 
234 	 5781 	 7794 	 5784 
235 	 5899 	 7908 	 5757 
236 	 5501 	 7159 	 5400 
237 	 5356 	 6857 	 5237 
238 	 5229 	 6609 	 5056 
239 	 5285 	 6436 	 4849 
240 	 5128 	 5969 	 2498 
241 	 5029 	 4462 	 3201 
242 	 4826 	 4351 	 1780 
243 	 5010 	 4566 	 3155 
244 	 4901 	 4376 	 1867 
241 	 5029 	 4938 	 3537 
242 	 4826 	 4852 	 4326 
243 	 5010 	 4979 	 4204 
244 	 4901 	 4676 	 2128 
245 	 4885 	 4589 	 3019 
246 	 4867 	 4441 	 1665 
247 	 4947 	 4630 	 2986 
248 	 4896 	 4458 	 1695 
245 	 4885 	 4970 	 3356 
246 	 4867 	 4999 	 4032 
247 	 4947 	 4984 	 4000 
248 	 4896 	 4735 	 1960 
241 	 5029 	 5474 	 3691 
242 	 4826 	 5516 	 4486 
243 	 5010 	 5691 	 4533 
244 	 4901 	 5592 	 4677 
245 	 4885 	 5549 	 4483 
246 	 4867 	 5484 	 4328 
247 	 4947 	 5455 	 4166 
248 	 4896 	 5168 	 2180 
249 	 4842 	 4498 	 2970 
250 	 4765 	 4333 	 1727 
251 	 4803 	 4560 	 2887 
252 	 4812 	 4403 	 1618 
249 	 4842 	 4974 	 3304 
250 	 4765 	 4961 	 4036 
251 	 4803 	 4814 	 3869 
252 	 4812 	 4557 	 1886 
253 	 4842 	 4655 	 2948 
254 	 4987 	 4530 	 1635 
255 	 5026 	 4870 	 3081 
256 	 5255 	 4748 	 1754 
253 	 4842 	 5478 	 3296 
254 	 4987 	 5512 	 4115 
255 	 5026 	 5083 	 4138 
256 	 5255 	 4918 	 2051 
249 	 4842 	 5711 	 3474 
250 	 4765 	 5872 	 4224 
251 	 4803 	 6072 	 4176 
252 	 4812 	 6020 	 4244 
253 	 4842 	 5887 	 4421 
254 	 4987 	 5843 	 4412 
255 	 5026 	 5418 	 4308 
256 	 5255 	 5298 	 2231 
241 	 5029 	 6195 	 3886 
242 	 4826 	 6278 	 4580 
243 	 5010 	 6528 	 4626 
244 	 4901 	 6448 	 4774 
245 	 4885 	 6462 	 4584 
246 	 4867 	 6521 	 4469 
247 	 4947 	 6707 	 4507 
248 	 4896 	 6637 	 4571 
249 	 4842 	 6599 	 4566 
250 	 4765 	 6593 	 4541 
251 	 4803 	 6740 	 4342 
252 	 4812 	 6623 	 4368 
253 	 4842 	 6461 	 4495 
254 	 4987 	 6368 	 4487 
255 	 5026 	 5910 	 4403 
256 	 5255 	 5818 	 2536 
257 	 5100 	 4946 	 3116 
258 	 5103 	 4685 	 1698 
259 	 4883 	 4690 	 2955 
260 	 4700 	 4246 	 1549 
257 	 5100 	 5799 	 3443 
258 	 5103 	 5504 	 4080 
259 	 4883 	 4871 	 4031 
260 	 4700 	 4406 	 1824 
261 	 4644 	 4357 	 2884 
262 	 4599 	 4203 	 1646 
263 	 4608 	 4343 	 2873 
264 	 4706 	 4309 	 1504 
261 	 4644 	 5438 	 3161 
262 	 4599 	 5054 	 3977 
263 	 4608 	 4538 	 3864 
264 	 4706 	 4483 	 1768 
257 	 5100 	 6575 	 3579 
258 	 5103 	 6558 	 4219 
259 	 4883 	 6394 	 4322 
260 	 4700 	 6057 	 4305 
261 	 4644 	 5720 	 4240 
262 	 4599 	 5328 	 4249 
263 	 4608 	 4773 	 3995 
264 	 4706 	 4673 	 1900 
265 	 4482 	 4169 	 2706 
266 	 3943 	 3500 	 1441 
267 	 4122 	 3962 	 2721 
268 	 4887 	 4349 	 1476 
265 	 4482 	 4692 	 2922 
266 	 3943 	 4052 	 3485 
267 	 4122 	 4209 	 3599 
268 	 4887 	 4563 	 1683 
269 	 4501 	 4093 	 2964 
270 	 4689 	 4279 	 1569 
271 	 5109 	 4676 	 3422 
272 	 5580 	 4981 	 1735 
269 	 4501 	 4730 	 3182 
270 	 4689 	 5130 	 4151 
271 	 5109 	 5265 	 4550 
272 	 5580 	 5408 	 1976 
265 	 4482 	 5209 	 3031 
266 	 3943 	 4670 	 3611 
267 	 4122 	 4992 	 3788 
268 	 4887 	 5613 	 4148 
269 	 4501 	 5352 	 4215 
270 	 4689 	 5619 	 4385 
271 	 5109 	 5647 	 4636 
272 	 5580 	 5750 	 2058 
257 	 5100 	 7416 	 3698 
258 	 5103 	 7373 	 4296 
259 	 4883 	 7299 	 4396 
260 	 4700 	 7347 	 4394 
261 	 4644 	 6712 	 4339 
262 	 4599 	 6763 	 4396 
263 	 4608 	 6296 	 4246 
264 	 4706 	 6029 	 4162 
265 	 4482 	 5716 	 4077 
266 	 3943 	 5091 	 3874 
267 	 4122 	 5357 	 3917 
268 	 4887 	 5933 	 4239 
269 	 4501 	 5628 	 4287 
270 	 4689 	 5853 	 4444 
271 	 5109 	 5829 	 4688 
272 	 5580 	 5879 	 2125 
273 	 5385 	 5155 	 3523 
274 	 5975 	 5357 	 1853 
275 	 6093 	 5437 	 3653 
276 	 5847 	 5364 	 1769 
273 	 5385 	 5904 	 3753 
274 	 5975 	 6492 	 4799 
275 	 6093 	 6284 	 4915 
276 	 5847 	 6027 	 2041 
277 	 5245 	 4681 	 3032 
278 	 5038 	 4200 	 1574 
279 	 5184 	 4733 	 3116 
280 	 6325 	 5580 	 1689 
277 	 5245 	 5339 	 3306 
278 	 5038 	 5089 	 3723 
279 	 5184 	 5292 	 4096 
280 	 6325 	 6062 	 1897 
273 	 5385 	 6329 	 3861 
274 	 5975 	 7084 	 4922 
275 	 6093 	 7268 	 5149 
276 	 5847 	 7436 	 4611 
277 	 5245 	 6698 	 4445 
278 	 5038 	 6284 	 3972 
279 	 5184 	 6257 	 4227 
280 	 6325 	 6592 	 2044 
281 	 5925 	 5437 	 3305 
282 	 5705 	 5476 	 1693 
283 	 5791 	 5195 	 3415 
284 	 6118 	 5821 	 1854 
281 	 5925 	 6165 	 3530 
282 	 5705 	 6407 	 4518 
283 	 5791 	 6581 	 4701 
284 	 6118 	 7059 	 2067 
285 	 6579 	 5969 	 3462 
286 	 6344 	 6049 	 1775 
287 	 5580 	 4985 	 3081 
288 	 5365 	 5209 	 1633 
285 	 6579 	 6305 	 3672 
286 	 6344 	 6522 	 4544 
287 	 5580 	 6973 	 4277 
288 	 5365 	 6911 	 1840 
281 	 5925 	 6643 	 3646 
282 	 5705 	 7012 	 4666 
283 	 5791 	 7392 	 4918 
284 	 6118 	 8002 	 5005 
285 	 6579 	 8451 	 4974 
286 	 6344 	 8279 	 4779 
287 	 5580 	 8139 	 4387 
288 	 5365 	 7504 	 1964 
273 	 5385 	 6552 	 4000 
274 	 5975 	 7345 	 5029 
275 	 6093 	 7605 	 5251 
276 	 5847 	 7906 	 4714 
277 	 5245 	 7332 	 4574 
278 	 5038 	 7103 	 4111 
279 	 5184 	 7531 	 4490 
280 	 6325 	 8425 	 4854 
281 	 5925 	 8522 	 4830 
282 	 5705 	 8368 	 4916 
283 	 5791 	 8592 	 5035 
284 	 6118 	 8921 	 5078 
285 	 6579 	 8843 	 5037 
286 	 6344 	 8387 	 4827 
287 	 5580 	 8203 	 4430 
288 	 5365 	 7574 	 2052 
289 	 5201 	 4576 	 2847 
290 	 4414 	 4099 	 1455 
291 	 4343 	 3897 	 2625 
292 	 4145 	 3931 	 1410 
289 	 5201 	 4873 	 3041 
290 	 4414 	 4422 	 3621 
291 	 4343 	 4938 	 3584 
292 	 4145 	 5313 	 1581 
293 	 4094 	 3556 	 2510 
294 	 4157 	 3701 	 1295 
295 	 4096 	 3531 	 2435 
296 	 4044 	 3628 	 1191 
293 	 4094 	 3831 	 2704 
294 	 4157 	 4072 	 3396 
295 	 4096 	 4133 	 3251 
296 	 4044 	 4319 	 1351 
289 	 5201 	 5414 	 3110 
290 	 4414 	 4962 	 3719 
291 	 4343 	 5507 	 3828 
292 	 4145 	 5950 	 3836 
293 	 4094 	 6015 	 3672 
294 	 4157 	 5765 	 3586 
295 	 4096 	 5473 	 3334 
296 	 4044 	 5298 	 1459 
297 	 3852 	 3357 	 2345 
298 	 3533 	 3302 	 1116 
299 	 3392 	 3039 	 2248 
300 	 3320 	 3037 	 1073 
297 	 3852 	 3616 	 2503 
298 	 3533 	 3629 	 2966 
299 	 3392 	 3672 	 2995 
300 	 3320 	 3630 	 1242 
301 	 3272 	 2834 	 2132 
302 	 3054 	 2797 	 1009 
303 	 2888 	 2490 	 1947 
304 	 2744 	 2422 	 933 
301 	 3272 	 3100 	 2304 
302 	 3054 	 3048 	 2663 
303 	 2888 	 2961 	 2565 
304 	 2744 	 2886 	 1085 
297 	 3852 	 4115 	 2577 
298 	 3533 	 4136 	 3052 
299 	 3392 	 4139 	 3182 
300 	 3320 	 4206 	 3124 
301 	 3272 	 4233 	 3047 
302 	 3054 	 4081 	 2817 
303 	 2888 	 3846 	 2641 
304 	 2744 	 3553 	 1155 
289 	 5201 	 5610 	 3153 
290 	 4414 	 5259 	 3742 
291 	 4343 	 5907 	 3854 
292 	 4145 	 6478 	 3886 
293 	 4094 	 6686 	 3745 
294 	 4157 	 6514 	 3678 
295 	 4096 	 6311 	 3519 
296 	 4044 	 6312 	 3515 
297 	 3852 	 6006 	 3358 
298 	 3533 	 5695 	 3223 
299 	 3392 	 5452 	 3271 
300 	 3320 	 5206 	 3188 
301 	 3272 	 4855 	 3088 
302 	 3054 	 4410 	 2864 
303 	 2888 	 4061 	 2688 
304 	 2744 	 3703 	 1283 
305 	 2711 	 2333 	 1847 
306 	 2659 	 2329 	 919 
307 	 2556 	 2192 	 1676 
308 	 2444 	 2123 	 847 
305 	 2711 	 2609 	 1981 
306 	 2659 	 2566 	 2366 
307 	 2556 	 2561 	 2241 
308 	 2444 	 2527 	 989 
309 	 2397 	 2004 	 1655 
310 	 2338 	 1978 	 826 
311 	 2255 	 1887 	 1462 
312 	 2185 	 1933 	 633 
309 	 2397 	 2268 	 1785 
310 	 2338 	 2271 	 2087 
311 	 2255 	 2250 	 1970 
312 	 2185 	 2214 	 737 
305 	 2711 	 2918 	 2030 
306 	 2659 	 2939 	 2436 
307 	 2556 	 3028 	 2370 
308 	 2444 	 3020 	 2359 
309 	 2397 	 3016 	 2331 
310 	 2338 	 2906 	 2195 
311 	 2255 	 2741 	 2012 
312 	 2185 	 2635 	 807 
313 	 2245 	 1889 	 1447 
314 	 2079 	 1841 	 677 
315 	 1985 	 1667 	 1307 
316 	 1890 	 1631 	 617 
313 	 2245 	 2095 	 1557 
314 	 2079 	 2042 	 1803 
315 	 1985 	 1996 	 1730 
316 	 1890 	 1903 	 725 
317 	 1973 	 1638 	 1282 
318 	 1933 	 1707 	 647 
319 	 1955 	 1652 	 1241 
320 	 2028 	 1744 	 658 
317 	 1973 	 1861 	 1376 
318 	 1933 	 1974 	 1631 
319 	 1955 	 2013 	 1655 
320 	 2028 	 2024 	 756 
313 	 2245 	 2268 	 1604 
314 	 2079 	 2274 	 1869 
315 	 1985 	 2305 	 1865 
316 	 1890 	 2296 	 1724 
317 	 1973 	 2434 	 1779 
318 	 1933 	 2435 	 1716 
319 	 1955 	 2396 	 1690 
320 	 2028 	 2340 	 805 
305 	 2711 	 3065 	 2092 
306 	 2659 	 3111 	 2465 
307 	 2556 	 3237 	 2402 
308 	 2444 	 3282 	 2386 
309 	 2397 	 3390 	 2373 
310 	 2338 	 3376 	 2258 
311 	 2255 	 3207 	 2137 
312 	 2185 	 3079 	 1968 
313 	 2245 	 3028 	 2052 
314 	 2079 	 2850 	 1958 
315 	 1985 	 2775 	 1913 
316 	 1890 	 2696 	 1754 
317 	 1973 	 2720 	 1803 
318 	 1933 	 2627 	 1750 
319 	 1955 	 2545 	 1732 
320 	 2028 	 2442 	 862 
321 	 2025 	 1660 	 1360 
322 	 2029 	 1782 	 767 
323 	 1932 	 1545 	 1250 
324 	 1919 	 1687 	 646 
321 	 2025 	 1816 	 1456 
322 	 2029 	 1974 	 1806 
323 	 1932 	 1995 	 1658 
324 	 1919 	 2088 	 769 
325 	 1945 	 1560 	 1261 
326 	 1880 	 1740 	 649 
327 	 1843 	 1478 	 1136 
328 	 1919 	 1825 	 638 
325 	 1945 	 1739 	 1353 
326 	 1880 	 1956 	 1633 
327 	 1843 	 2107 	 1611 
328 	 1919 	 2252 	 725 
321 	 2025 	 1941 	 1513 
322 	 2029 	 2144 	 1865 
323 	 1932 	 2233 	 1765 
324 	 1919 	 2395 	 1781 
325 	 1945 	 2528 	 1849 
326 	 1880 	 2517 	 1746 
327 	 1843 	 2447 	 1660 
328 	 1919 	 2387 	 754 
329 	 1911 	 1571 	 1073 
330 	 1831 	 1797 	 596 
331 	 1789 	 1359 	 995 
332 	 1832 	 1715 	 546 
329 	 1911 	 1672 	 1126 
330 	 1831 	 1954 	 1460 
331 	 1789 	 2108 	 1388 
332 	 1832 	 2156 	 608 
333 	 1790 	 1372 	 975 
334 	 1808 	 1728 	 512 
335 	 1761 	 1287 	 938 
336 	 1664 	 1531 	 478 
333 	 1790 	 1473 	 1051 
334 	 1808 	 1857 	 1270 
335 	 1761 	 1914 	 1265 
336 	 1664 	 1973 	 528 
329 	 1911 	 1760 	 1152 
330 	 1831 	 2065 	 1507 
331 	 1789 	 2254 	 1458 
332 	 1832 	 2336 	 1440 
333 	 1790 	 2340 	 1451 
334 	 1808 	 2326 	 1336 
335 	 1761 	 2151 	 1299 
336 	 1664 	 2046 	 557 
321 	 2025 	 2015 	 1540 
322 	 2029 	 2232 	 1883 
323 	 1932 	 2328 	 1785 
324 	 1919 	 2499 	 1810 
325 	 1945 	 2653 	 1881 
326 	 1880 	 2697 	 1793 
327 	 1843 	 2695 	 1753 
328 	 1919 	 2718 	 1680 
329 	 1911 	 2760 	 1620 
330 	 1831 	 2588 	 1598 
331 	 1789 	 2519 	 1492 
332 	 1832 	 2454 	 1470 
333 	 1790 	 2395 	 1481 
334 	 1808 	 2377 	 1362 
335 	 1761 	 2190 	 1317 
336 	 1664 	 2080 	 573 
337 	 1804 	 1266 	 776 
338 	 1770 	 1471 	 495 
339 	 1794 	 1126 	 655 
340 	 923 	 1101 	 329 
337 	 1804 	 1377 	 842 
338 	 1770 	 1625 	 1142 
339 	 1794 	 1738 	 931 
340 	 923 	 1456 	 384 
341 	 676 	 595 	 415 
342 	 724 	 555 	 274 
343 	 670 	 557 	 383 
344 	 670 	 528 	 207 
341 	 676 	 713 	 452 
342 	 724 	 695 	 676 
343 	 670 	 619 	 513 
344 	 670 	 567 	 256 
337 	 1804 	 1466 	 855 
338 	 1770 	 1771 	 1177 
339 	 1794 	 1924 	 996 
340 	 923 	 1704 	 772 
341 	 676 	 895 	 626 
342 	 724 	 758 	 724 
343 	 670 	 677 	 549 
344 	 670 	 618 	 279 
345 	 656 	 573 	 398 
346 	 725 	 544 	 242 
347 	 666 	 554 	 413 
348 	 658 	 530 	 240 
345 	 656 	 693 	 463 
346 	 725 	 677 	 638 
347 	 666 	 615 	 564 
348 	 658 	 580 	 286 
349 	 672 	 559 	 397 
350 	 675 	 537 	 240 
351 	 672 	 537 	 387 
352 	 637 	 522 	 211 
349 	 672 	 685 	 475 
350 	 675 	 657 	 601 
351 	 672 	 590 	 527 
352 	 637 	 574 	 265 
345 	 656 	 773 	 479 
346 	 725 	 818 	 671 
347 	 666 	 821 	 648 
348 	 658 	 818 	 632 
349 	 672 	 783 	 632 
350 	 675 	 742 	 659 
351 	 672 	 662 	 558 
352 	 637 	 634 	 300 
337 	 1804 	 1505 	 872 
338 	 1770 	 1817 	 1184 
339 	 1794 	 1973 	 1013 
340 	 923 	 1763 	 781 
341 	 676 	 988 	 649 
342 	 724 	 923 	 765 
343 	 670 	 913 	 625 
344 	 670 	 901 	 628 
345 	 656 	 894 	 632 
346 	 725 	 927 	 728 
347 	 666 	 892 	 671 
348 	 658 	 883 	 651 
349 	 672 	 838 	 647 
350 	 675 	 793 	 667 
351 	 672 	 699 	 573 
352 	 637 	 668 	 325 
353 	 662 	 547 	 405 
354 	 647 	 505 	 219 
355 	 628 	 520 	 421 
356 	 612 	 486 	 248 
353 	 662 	 676 	 488 
354 	 647 	 622 	 542 
355 	 628 	 554 	 564 
356 	 612 	 531 	 290 
357 	 595 	 524 	 381 
358 	 652 	 512 	 228 
359 	 616 	 506 	 364 
360 	 587 	 479 	 226 
357 	 595 	 645 	 423 
358 	 652 	 611 	 583 
359 	 616 	 553 	 495 
360 	 587 	 522 	 277 
353 	 662 	 747 	 519 
354 	 647 	 768 	 575 
355 	 628 	 763 	 647 
356 	 612 	 747 	 616 
357 	 595 	 736 	 583 
358 	 652 	 710 	 629 
359 	 616 	 634 	 520 
360 	 587 	 590 	 297 
361 	 624 	 542 	 419 
362 	 655 	 534 	 243 
363 	 622 	 536 	 390 
364 	 622 	 497 	 238 
361 	 624 	 669 	 482 
362 	 655 	 667 	 591 
363 	 622 	 572 	 529 
364 	 622 	 522 	 286 
365 	 600 	 531 	 368 
366 	 616 	 490 	 239 
367 	 627 	 548 	 412 
368 	 601 	 484 	 231 
365 	 600 	 668 	 442 
366 	 616 	 627 	 555 
367 	 627 	 567 	 544 
368 	 601 	 504 	 282 
361 	 624 	 749 	 509 
362 	 655 	 800 	 630 
363 	 622 	 784 	 605 
364 	 622 	 748 	 623 
365 	 600 	 717 	 611 
366 	 616 	 673 	 609 
367 	 627 	 612 	 580 
368 	 601 	 553 	 300 
353 	 662 	 775 	 536 
354 	 647 	 800 	 585 
355 	 628 	 802 	 656 
356 	 612 	 795 	 625 
357 	 595 	 827 	 598 
358 	 652 	 880 	 680 
359 	 616 	 852 	 613 
360 	 587 	 848 	 631 
361 	 624 	 880 	 667 
362 	 655 	 903 	 688 
363 	 622 	 880 	 633 
364 	 622 	 833 	 637 
365 	 600 	 784 	 618 
366 	 616 	 734 	 617 
367 	 627 	 666 	 591 
368 	 601 	 594 	 321 
369 	 578 	 497 	 347 
370 	 585 	 455 	 210 
371 	 602 	 527 	 396 
372 	 583 	 448 	 225 
369 	 578 	 623 	 423 
370 	 585 	 595 	 498 
371 	 602 	 546 	 505 
372 	 583 	 463 	 266 
373 	 560 	 484 	 330 
374 	 575 	 450 	 208 
375 	 584 	 514 	 357 
376 	 550 	 422 	 210 
373 	 560 	 625 	 386 
374 	 575 	 594 	 486 
375 	 584 	 544 	 498 
376 	 550 	 444 	 254 
369 	 578 	 716 	 433 
370 	 585 	 722 	 523 
371 	 602 	 745 	 572 
372 	 583 	 682 	 562 
373 	 560 	 653 	 541 
374 	 575 	 619 	 546 
375 	 584 	 568 	 521 
376 	 550 	 466 	 265 
377 	 557 	 460 	 349 
378 	 557 	 425 	 182 
379 	 584 	 516 	 356 
380 	 574 	 440 	 225 
377 	 557 	 620 	 419 
378 	 557 	 593 	 456 
379 	 584 	 535 	 488 
380 	 574 	 459 	 267 
381 	 567 	 498 	 372 
382 	 554 	 418 	 206 
383 	 546 	 464 	 338 
384 	 552 	 413 	 190 
381 	 567 	 634 	 411 
382 	 554 	 572 	 489 
383 	 546 	 493 	 451 
384 	 552 	 435 	 229 
377 	 557 	 674 	 430 
378 	 557 	 679 	 478 
379 	 584 	 700 	 548 
380 	 574 	 680 	 563 
381 	 567 	 676 	 546 
382 	 554 	 612 	 531 
383 	 546 	 524 	 477 
384 	 552 	 457 	 250 
369 	 578 	 757 	 447 
370 	 585 	 776 	 531 
371 	 602 	 813 	 586 
372 	 583 	 768 	 580 
373 	 560 	 759 	 558 
374 	 575 	 762 	 576 
375 	 584 	 782 	 597 
376 	 550 	 724 	 552 
377 	 557 	 727 	 577 
378 	 557 	 730 	 530 
379 	 584 	 754 	 575 
380 	 574 	 726 	 578 
381 	 567 	 713 	 555 
382 	 554 	 646 	 540 
383 	 546 	 546 	 485 
384 	 552 	 478 	 272 
385 	 509 	 420 	 301 
386 	 521 	 395 	 190 
387 	 516 	 435 	 304 
388 	 497 	 391 	 187 
385 	 509 	 548 	 358 
386 	 521 	 532 	 449 
387 	 516 	 469 	 426 
388 	 497 	 412 	 228 
389 	 487 	 420 	 272 
390 	 481 	 378 	 146 
391 	 522 	 463 	 312 
392 	 496 	 365 	 186 
389 	 487 	 553 	 324 
390 	 481 	 541 	 379 
391 	 522 	 471 	 395 
392 	 496 	 370 	 215 
385 	 509 	 598 	 366 
386 	 521 	 616 	 479 
387 	 516 	 628 	 480 
388 	 497 	 630 	 471 
389 	 487 	 585 	 457 
390 	 481 	 562 	 425 
391 	 522 	 494 	 429 
392 	 496 	 391 	 238 
393 	 485 	 417 	 285 
394 	 450 	 333 	 160 
395 	 473 	 392 	 271 
396 	 469 	 358 	 181 
393 	 485 	 521 	 348 
394 	 450 	 457 	 355 
395 	 473 	 401 	 366 
396 	 469 	 365 	 212 
397 	 459 	 415 	 273 
398 	 455 	 341 	 165 
399 	 456 	 405 	 270 
400 	 447 	 343 	 173 
397 	 459 	 526 	 315 
398 	 455 	 469 	 394 
399 	 456 	 422 	 377 
400 	 447 	 354 	 198 
393 	 485 	 583 	 360 
394 	 450 	 541 	 374 
395 	 473 	 546 	 420 
396 	 469 	 578 	 458 
397 	 459 	 543 	 426 
398 	 455 	 487 	 423 
399 	 456 	 437 	 391 
400 	 447 	 370 	 208 
385 	 509 	 641 	 381 
386 	 521 	 663 	 484 
387 	 516 	 683 	 489 
388 	 497 	 693 	 486 
389 	 487 	 665 	 466 
390 	 481 	 664 	 446 
391 	 522 	 670 	 470 
392 	 496 	 617 	 488 
393 	 485 	 619 	 470 
394 	 450 	 572 	 414 
395 	 473 	 575 	 444 
396 	 469 	 599 	 480 
397 	 459 	 557 	 438 
398 	 455 	 498 	 434 
399 	 456 	 451 	 401 
400 	 447 	 386 	 225 
401 	 458 	 415 	 285 
402 	 424 	 347 	 174 
403 	 441 	 428 	 306 
404 	 440 	 363 	 182 
401 	 458 	 530 	 351 
402 	 424 	 482 	 394 
403 	 441 	 441 	 408 
404 	 440 	 373 	 214 
405 	 405 	 383 	 274 
406 	 396 	 330 	 142 
407 	 404 	 382 	 269 
408 	 397 	 331 	 162 
405 	 405 	 523 	 318 
406 	 396 	 466 	 348 
407 	 404 	 396 	 366 
408 	 397 	 339 	 186 
401 	 458 	 596 	 364 
402 	 424 	 573 	 407 
403 	 441 	 583 	 456 
404 	 440 	 584 	 464 
405 	 405 	 550 	 447 
406 	 396 	 490 	 376 
407 	 404 	 413 	 387 
408 	 397 	 355 	 197 
409 	 377 	 362 	 250 
410 	 385 	 314 	 142 
411 	 372 	 357 	 244 
412 	 372 	 294 	 145 
409 	 377 	 460 	 292 
410 	 385 	 426 	 364 
411 	 372 	 372 	 340 
412 	 372 	 306 	 175 
413 	 367 	 320 	 239 
414 	 354 	 282 	 115 
415 	 349 	 326 	 238 
416 	 372 	 284 	 155 
413 	 367 	 402 	 296 
414 	 354 	 384 	 303 
415 	 349 	 356 	 330 
416 	 372 	 300 	 177 
409 	 377 	 492 	 312 
410 	 385 	 479 	 377 
411 	 372 	 453 	 385 
412 	 372 	 453 	 386 
413 	 367 	 426 	 384 
414 	 354 	 396 	 321 
415 	 349 	 363 	 339 
416 	 372 	 306 	 218 
401 	 458 	 625 	 380 
402 	 424 	 606 	 413 
403 	 441 	 624 	 463 
404 	 440 	 631 	 472 
405 	 405 	 600 	 453 
406 	 396 	 574 	 391 
407 	 404 	 563 	 433 
408 	 397 	 553 	 429 
409 	 377 	 533 	 441 
410 	 385 	 507 	 404 
411 	 372 	 478 	 398 
412 	 372 	 472 	 393 
413 	 367 	 443 	 390 
414 	 354 	 414 	 325 
415 	 349 	 381 	 348 
416 	 372 	 325 	 240 
417 	 356 	 331 	 247 
418 	 348 	 279 	 145 
419 	 340 	 332 	 242 
420 	 349 	 286 	 151 
417 	 356 	 400 	 280 
418 	 348 	 384 	 352 
419 	 340 	 350 	 329 
420 	 349 	 296 	 166 
421 	 356 	 341 	 268 
422 	 328 	 277 	 112 
423 	 325 	 295 	 226 
424 	 327 	 248 	 126 
421 	 356 	 394 	 305 
422 	 328 	 372 	 305 
423 	 325 	 307 	 294 
424 	 327 	 255 	 147 
417 	 356 	 444 	 281 
418 	 348 	 428 	 365 
419 	 340 	 435 	 348 
420 	 349 	 428 	 401 
421 	 356 	 415 	 395 
422 	 328 	 386 	 320 
423 	 325 	 314 	 303 
424 	 327 	 260 	 151 
425 	 324 	 285 	 208 
426 	 303 	 240 	 120 
427 	 296 	 264 	 188 
428 	 294 	 224 	 99 
425 	 324 	 339 	 240 
426 	 303 	 321 	 288 
427 	 296 	 275 	 258 
428 	 294 	 233 	 118 
429 	 286 	 252 	 174 
430 	 258 	 202 	 111 
431 	 266 	 252 	 173 
432 	 260 	 212 	 93 
429 	 286 	 311 	 204 
430 	 258 	 292 	 260 
431 	 266 	 262 	 242 
432 	 260 	 217 	 109 
425 	 324 	 380 	 246 
426 	 303 	 368 	 298 
427 	 296 	 349 	 293 
428 	 294 	 357 	 272 
429 	 286 	 327 	 276 
430 	 258 	 306 	 272 
431 	 266 	 270 	 244 
432 	 260 	 227 	 124 
417 	 356 	 481 	 295 
418 	 348 	 474 	 365 
419 	 340 	 487 	 350 
420 	 349 	 488 	 405 
421 	 356 	 484 	 399 
422 	 328 	 461 	 335 
423 	 325 	 421 	 326 
424 	 327 	 426 	 351 
425 	 324 	 393 	 320 
426 	 303 	 382 	 310 
427 	 296 	 363 	 295 
428 	 294 	 372 	 280 
429 	 286 	 343 	 275 
430 	 258 	 328 	 271 
431 	 266 	 296 	 254 
432 	 260 	 253 	 124 
433 	 262 	 220 	 184 
434 	 248 	 192 	 113 
435 	 259 	 222 	 182 
436 	 247 	 170 	 98 
433 	 262 	 272 	 203 
434 	 248 	 269 	 264 
435 	 259 	 232 	 254 
436 	 247 	 173 	 107 
437 	 247 	 222 	 159 
438 	 242 	 182 	 85 
439 	 235 	 236 	 163 
440 	 234 	 172 	 73 
437 	 247 	 275 	 181 
438 	 242 	 276 	 246 
439 	 235 	 244 	 218 
440 	 234 	 175 	 83 
433 	 262 	 306 	 210 
434 	 248 	 311 	 268 
435 	 259 	 309 	 276 
436 	 247 	 283 	 255 
437 	 247 	 284 	 243 
438 	 242 	 281 	 261 
439 	 235 	 248 	 219 
440 	 234 	 179 	 82 
441 	 224 	 196 	 170 
442 	 204 	 152 	 92 
443 	 198 	 160 	 143 
444 	 183 	 131 	 77 
441 	 224 	 249 	 186 
442 	 204 	 213 	 254 
443 	 198 	 173 	 196 
444 	 183 	 139 	 91 
445 	 187 	 149 	 142 
446 	 179 	 132 	 84 
447 	 167 	 150 	 135 
448 	 166 	 121 	 74 
445 	 187 	 199 	 147 
446 	 179 	 203 	 200 
447 	 167 	 171 	 177 
448 	 166 	 130 	 81 
441 	 224 	 272 	 190 
442 	 204 	 248 	 253 
443 	 198 	 232 	 214 
444 	 183 	 231 	 218 
445 	 187 	 221 	 221 
446 	 179 	 212 	 203 
447 	 167 	 175 	 176 
448 	 166 	 132 	 83 
433 	 262 	 314 	 214 
434 	 248 	 321 	 272 
435 	 259 	 321 	 276 
436 	 247 	 301 	 259 
437 	 247 	 314 	 243 
438 	 242 	 330 	 265 
439 	 235 	 322 	 238 
440 	 234 	 301 	 258 
441 	 224 	 293 	 259 
442 	 204 	 256 	 265 
443 	 198 	 237 	 213 
444 	 183 	 234 	 222 
445 	 187 	 221 	 219 
446 	 179 	 212 	 206 
447 	 167 	 175 	 179 
448 	 166 	 132 	 81 
449 	 172 	 156 	 118 
450 	 151 	 123 	 57 
451 	 136 	 134 	 91 
452 	 130 	 98 	 57 
449 	 172 	 187 	 130 
450 	 151 	 183 	 158 
451 	 136 	 156 	 140 
452 	 130 	 109 	 68 
453 	 126 	 118 	 99 
454 	 104 	 79 	 56 
455 	 95 	 84 	 60 
456 	 85 	 59 	 33 
453 	 126 	 143 	 109 
454 	 104 	 116 	 118 
455 	 95 	 91 	 90 
456 	 85 	 62 	 38 
449 	 172 	 193 	 129 
450 	 151 	 200 	 162 
451 	 136 	 188 	 154 
452 	 130 	 172 	 160 
453 	 126 	 158 	 146 
454 	 104 	 124 	 126 
455 	 95 	 96 	 90 
456 	 85 	 63 	 42 
457 	 75 	 57 	 64 
458 	 68 	 43 	 25 
459 	 52 	 44 	 42 
460 	 46 	 24 	 21 
457 	 75 	 68 	 63 
458 	 68 	 63 	 63 
459 	 52 	 47 	 57 
460 	 46 	 24 	 24 
461 	 20 	 20 	 10 
462 	 0 	 0 	 1 
461 	 20 	 20 	 10 
462 	 0 	 0 	 1 
463 	 0 	 0 	 1 
464 	 0 	 0 	 1 
457 	 75 	 68 	 61 
458 	 68 	 63 	 66 
459 	 52 	 52 	 56 
460 	 46 	 31 	 43 
461 	 20 	 20 	 19 
462 	 0 	 0 	 1 
463 	 0 	 0 	 1 
464 	 0 	 0 	 1 
449 	 172 	 193 	 134 
450 	 151 	 200 	 158 
451 	 136 	 188 	 161 
452 	 130 	 172 	 161 
453 	 126 	 158 	 149 
454 	 104 	 129 	 131 
455 	 95 	 113 	 96 
456 	 85 	 94 	 89 
457 	 75 	 73 	 86 
458 	 68 	 63 	 68 
459 	 52 	 52 	 51 
460 	 46 	 31 	 49 
461 	 20 	 20 	 18 
462 	 0 	 0 	 1 
463 	 0 	 0 	 1 
464 	 0 	 0 	 1 
