1024 	 4934 
256 	 2465 
256 	 4744 
128 	 1460 
128 	 1114 
16 	 625 
16 	 352 
8 	 167 
8 	 106 
2 	 27 
2 	 5 
1 	 114 
1 	 71 
4 	 626 
4 	 382 
2 	 433 
2 	 241 
1 	 297 
1 	 171 
1 	 537 
1 	 331 
2 	 656 
2 	 400 
1 	 574 
1 	 366 
1 	 489 
1 	 310 
8 	 963 
8 	 533 
4 	 833 
4 	 457 
2 	 674 
2 	 424 
1 	 531 
1 	 385 
1 	 727 
1 	 439 
2 	 845 
2 	 456 
1 	 726 
1 	 437 
1 	 762 
1 	 480 
4 	 1012 
4 	 491 
2 	 871 
2 	 455 
1 	 711 
1 	 451 
1 	 744 
1 	 479 
2 	 854 
2 	 493 
1 	 765 
1 	 488 
1 	 680 
1 	 433 
64 	 3166 
64 	 2068 
32 	 2698 
32 	 1370 
16 	 1687 
16 	 870 
8 	 1174 
8 	 630 
4 	 983 
4 	 504 
2 	 802 
2 	 432 
1 	 642 
1 	 380 
1 	 678 
1 	 404 
2 	 839 
2 	 413 
1 	 584 
1 	 360 
1 	 650 
1 	 393 
4 	 1165 
4 	 610 
2 	 933 
2 	 478 
1 	 622 
1 	 425 
1 	 728 
1 	 420 
2 	 930 
2 	 523 
1 	 621 
1 	 479 
1 	 739 
1 	 492 
8 	 2557 
8 	 1216 
4 	 2101 
4 	 999 
2 	 1578 
2 	 815 
1 	 1138 
1 	 688 
1 	 1562 
1 	 801 
2 	 1828 
2 	 1026 
1 	 1510 
1 	 939 
1 	 1512 
1 	 944 
4 	 2641 
4 	 1195 
2 	 2179 
2 	 1105 
1 	 1768 
1 	 1031 
1 	 1864 
1 	 1072 
2 	 2256 
2 	 1085 
1 	 1932 
1 	 1049 
1 	 1746 
1 	 943 
16 	 2898 
16 	 1288 
8 	 2481 
8 	 1117 
4 	 2169 
4 	 1098 
2 	 2129 
2 	 1056 
1 	 1741 
1 	 972 
1 	 1652 
1 	 937 
2 	 1795 
2 	 916 
1 	 1424 
1 	 867 
1 	 1334 
1 	 923 
4 	 2260 
4 	 1057 
2 	 1896 
2 	 929 
1 	 1512 
1 	 935 
1 	 1476 
1 	 944 
2 	 1903 
2 	 1002 
1 	 1394 
1 	 942 
1 	 1526 
1 	 876 
8 	 2258 
8 	 1021 
4 	 2027 
4 	 889 
2 	 1661 
2 	 838 
1 	 1209 
1 	 829 
1 	 1116 
1 	 733 
2 	 1513 
2 	 786 
1 	 1097 
1 	 736 
1 	 1021 
1 	 670 
4 	 1881 
4 	 882 
2 	 1361 
2 	 807 
1 	 974 
1 	 608 
1 	 1072 
1 	 695 
2 	 1539 
2 	 863 
1 	 1047 
1 	 723 
1 	 1021 
1 	 652 
32 	 5780 
32 	 3144 
16 	 3548 
16 	 1883 
8 	 2794 
8 	 1241 
4 	 2293 
4 	 1123 
2 	 1613 
2 	 838 
1 	 1026 
1 	 696 
1 	 1108 
1 	 770 
2 	 1831 
2 	 959 
1 	 1372 
1 	 825 
1 	 1280 
1 	 812 
4 	 2576 
4 	 1245 
2 	 2006 
2 	 1049 
1 	 1336 
1 	 753 
1 	 1461 
1 	 868 
2 	 2158 
2 	 1022 
1 	 1474 
1 	 846 
1 	 1512 
1 	 910 
8 	 4067 
8 	 1791 
4 	 3231 
4 	 1387 
2 	 2481 
2 	 1253 
1 	 1716 
1 	 1040 
1 	 1901 
1 	 1161 
2 	 2826 
2 	 1290 
1 	 1929 
1 	 1099 
1 	 2027 
1 	 1130 
4 	 4000 
4 	 1858 
2 	 3222 
2 	 1618 
1 	 2196 
1 	 1270 
1 	 2506 
1 	 1486 
2 	 3767 
2 	 1783 
1 	 2707 
1 	 1451 
1 	 3055 
1 	 1965 
16 	 6089 
16 	 4160 
8 	 5603 
8 	 2753 
4 	 4874 
4 	 2401 
2 	 4009 
2 	 2018 
1 	 3095 
1 	 1889 
1 	 2970 
1 	 1876 
2 	 4147 
2 	 2184 
1 	 3157 
1 	 2010 
1 	 3172 
1 	 2022 
4 	 5052 
4 	 2338 
2 	 4259 
2 	 2239 
1 	 3199 
1 	 2055 
1 	 3279 
1 	 1957 
2 	 3874 
2 	 1981 
1 	 2918 
1 	 1839 
1 	 2752 
1 	 1771 
8 	 5621 
8 	 2907 
4 	 4540 
4 	 2237 
2 	 3414 
2 	 1822 
1 	 2584 
1 	 1765 
1 	 2534 
1 	 1790 
2 	 3275 
2 	 1673 
1 	 2477 
1 	 1605 
1 	 2404 
1 	 1610 
4 	 4168 
4 	 2042 
2 	 3194 
2 	 1624 
1 	 2355 
1 	 1607 
1 	 2346 
1 	 1516 
2 	 3438 
2 	 1653 
1 	 2389 
1 	 1588 
1 	 2581 
1 	 1655 
128 	 4180 
128 	 643 
64 	 5158 
64 	 1543 
32 	 6933 
32 	 2889 
16 	 6594 
16 	 2781 
8 	 5076 
8 	 2070 
4 	 4277 
4 	 1844 
2 	 3387 
2 	 1664 
1 	 2535 
1 	 1613 
1 	 2501 
1 	 1473 
2 	 3238 
2 	 1531 
1 	 2357 
1 	 1589 
1 	 2427 
1 	 1409 
4 	 4112 
4 	 1705 
2 	 2983 
2 	 1346 
1 	 2257 
1 	 1432 
1 	 2321 
1 	 1404 
2 	 3521 
2 	 1692 
1 	 2499 
1 	 1532 
1 	 2956 
1 	 1664 
8 	 5124 
8 	 2198 
4 	 4240 
4 	 1964 
2 	 3949 
2 	 2064 
1 	 2966 
1 	 1874 
1 	 3094 
1 	 1681 
2 	 3221 
2 	 1561 
1 	 2507 
1 	 1570 
1 	 2722 
1 	 1694 
4 	 4472 
4 	 2033 
2 	 3698 
2 	 1902 
1 	 2817 
1 	 1752 
1 	 3006 
1 	 1835 
2 	 3653 
2 	 1806 
1 	 2999 
1 	 1773 
1 	 2737 
1 	 1610 
16 	 3499 
16 	 1610 
8 	 3784 
8 	 1594 
4 	 3731 
4 	 1502 
2 	 3032 
2 	 1493 
1 	 2413 
1 	 1517 
1 	 2225 
1 	 1406 
2 	 2784 
2 	 1272 
1 	 2146 
1 	 1323 
1 	 2062 
1 	 1198 
4 	 3041 
4 	 1329 
2 	 2544 
2 	 1170 
1 	 1947 
1 	 1112 
1 	 1906 
1 	 1080 
2 	 2303 
2 	 993 
1 	 1782 
1 	 1012 
1 	 1607 
1 	 942 
8 	 2501 
8 	 988 
4 	 2217 
4 	 1027 
2 	 1932 
2 	 990 
1 	 1501 
1 	 941 
1 	 1379 
1 	 894 
2 	 1751 
2 	 851 
1 	 1375 
1 	 847 
1 	 1223 
1 	 678 
4 	 1769 
4 	 729 
2 	 1521 
2 	 741 
1 	 1192 
1 	 720 
1 	 1079 
1 	 646 
2 	 1403 
2 	 672 
1 	 1058 
1 	 680 
1 	 1040 
1 	 660 
32 	 1508 
32 	 607 
16 	 1889 
16 	 716 
8 	 1963 
8 	 723 
4 	 1796 
4 	 790 
2 	 1453 
2 	 673 
1 	 1099 
1 	 769 
1 	 1026 
1 	 666 
2 	 1251 
2 	 623 
1 	 1065 
1 	 634 
1 	 925 
1 	 623 
4 	 1316 
4 	 666 
2 	 1089 
2 	 579 
1 	 900 
1 	 547 
1 	 848 
1 	 538 
2 	 983 
2 	 521 
1 	 837 
1 	 474 
1 	 774 
1 	 451 
8 	 964 
8 	 360 
4 	 757 
4 	 312 
2 	 793 
2 	 449 
1 	 660 
1 	 453 
1 	 524 
1 	 304 
2 	 474 
2 	 238 
1 	 356 
1 	 265 
1 	 290 
1 	 192 
4 	 681 
4 	 279 
2 	 514 
2 	 267 
1 	 324 
1 	 216 
1 	 321 
1 	 224 
2 	 513 
2 	 253 
1 	 317 
1 	 206 
1 	 279 
1 	 176 
16 	 1108 
16 	 431 
8 	 871 
8 	 360 
4 	 692 
4 	 269 
2 	 513 
2 	 231 
1 	 317 
1 	 185 
1 	 326 
1 	 224 
2 	 503 
2 	 248 
1 	 320 
1 	 201 
1 	 271 
1 	 214 
4 	 753 
4 	 305 
2 	 545 
2 	 234 
1 	 383 
1 	 207 
1 	 314 
1 	 199 
2 	 516 
2 	 260 
1 	 278 
1 	 198 
1 	 321 
1 	 203 
8 	 895 
8 	 297 
4 	 712 
4 	 247 
2 	 470 
2 	 224 
1 	 293 
1 	 179 
1 	 302 
1 	 193 
2 	 466 
2 	 228 
1 	 269 
1 	 185 
1 	 276 
1 	 193 
4 	 760 
4 	 278 
2 	 497 
2 	 236 
1 	 281 
1 	 166 
1 	 282 
1 	 197 
2 	 521 
2 	 197 
1 	 303 
1 	 190 
1 	 286 
1 	 167 
64 	 491 
64 	 90 
32 	 675 
32 	 243 
16 	 758 
16 	 291 
8 	 761 
8 	 265 
4 	 664 
4 	 258 
2 	 434 
2 	 194 
1 	 241 
1 	 173 
1 	 229 
1 	 186 
2 	 417 
2 	 155 
1 	 212 
1 	 142 
1 	 245 
1 	 173 
4 	 587 
4 	 200 
2 	 374 
2 	 168 
1 	 211 
1 	 152 
1 	 214 
1 	 156 
2 	 373 
2 	 176 
1 	 220 
1 	 151 
1 	 217 
1 	 166 
8 	 618 
8 	 216 
4 	 551 
4 	 191 
2 	 410 
2 	 194 
1 	 211 
1 	 194 
1 	 243 
1 	 152 
2 	 339 
2 	 170 
1 	 202 
1 	 136 
1 	 220 
1 	 169 
4 	 378 
4 	 187 
2 	 314 
2 	 165 
1 	 197 
1 	 130 
1 	 205 
1 	 128 
2 	 301 
2 	 132 
1 	 185 
1 	 115 
1 	 193 
1 	 140 
16 	 461 
16 	 143 
8 	 432 
8 	 160 
4 	 404 
4 	 167 
2 	 305 
2 	 149 
1 	 197 
1 	 126 
1 	 204 
1 	 154 
2 	 300 
2 	 143 
1 	 209 
1 	 123 
1 	 179 
1 	 120 
4 	 336 
4 	 149 
2 	 284 
2 	 110 
1 	 162 
1 	 115 
1 	 156 
1 	 95 
2 	 253 
2 	 118 
1 	 143 
1 	 123 
1 	 146 
1 	 101 
8 	 295 
8 	 92 
4 	 280 
4 	 99 
2 	 218 
2 	 119 
1 	 153 
1 	 108 
1 	 137 
1 	 90 
2 	 231 
2 	 100 
1 	 134 
1 	 85 
1 	 129 
1 	 81 
4 	 246 
4 	 96 
2 	 215 
2 	 76 
1 	 137 
1 	 97 
1 	 118 
1 	 72 
2 	 185 
2 	 63 
1 	 125 
1 	 79 
1 	 112 
1 	 66 
8 	 117 
8 	 48 
4 	 146 
4 	 53 
2 	 142 
2 	 70 
1 	 92 
1 	 43 
1 	 78 
1 	 56 
2 	 106 
2 	 54 
1 	 84 
1 	 50 
1 	 56 
1 	 33 
4 	 44 
4 	 19 
2 	 67 
2 	 25 
1 	 53 
1 	 24 
1 	 40 
1 	 19 
