195 	 0 	 83 	 1 
196 	 120 	 100 	 1 
193 	 0 	 4 	 1 
194 	 0 	 30 	 1 
195 	 0 	 83 	 1 
196 	 120 	 100 	 1 
197 	 190 	 179 	 191 
198 	 134 	 133 	 84 
199 	 140 	 138 	 197 
200 	 176 	 172 	 114 
197 	 190 	 202 	 209 
198 	 134 	 153 	 249 
199 	 140 	 158 	 288 
200 	 176 	 194 	 159 
193 	 0 	 65 	 1 
194 	 0 	 98 	 1 
195 	 0 	 152 	 1 
196 	 120 	 144 	 90 
197 	 190 	 208 	 240 
198 	 134 	 158 	 273 
199 	 140 	 160 	 291 
200 	 176 	 194 	 153 
201 	 236 	 223 	 264 
202 	 235 	 229 	 153 
203 	 212 	 208 	 243 
204 	 191 	 187 	 155 
201 	 236 	 231 	 291 
202 	 235 	 237 	 354 
203 	 212 	 229 	 369 
204 	 191 	 207 	 216 
205 	 208 	 207 	 243 
206 	 208 	 204 	 137 
207 	 192 	 190 	 212 
208 	 260 	 259 	 119 
205 	 208 	 210 	 267 
206 	 208 	 207 	 310 
207 	 192 	 194 	 307 
208 	 260 	 267 	 159 
201 	 236 	 236 	 329 
202 	 235 	 243 	 384 
203 	 212 	 236 	 391 
204 	 191 	 215 	 339 
205 	 208 	 235 	 357 
206 	 208 	 236 	 341 
207 	 192 	 219 	 304 
208 	 260 	 291 	 192 
193 	 0 	 179 	 1 
194 	 0 	 187 	 1 
195 	 0 	 239 	 1 
196 	 120 	 208 	 94 
197 	 190 	 269 	 244 
198 	 134 	 205 	 282 
199 	 140 	 207 	 294 
200 	 176 	 232 	 338 
201 	 236 	 264 	 392 
202 	 235 	 267 	 408 
203 	 212 	 262 	 388 
204 	 191 	 231 	 334 
205 	 208 	 253 	 349 
206 	 208 	 249 	 339 
207 	 192 	 232 	 309 
208 	 260 	 311 	 230 
209 	 311 	 309 	 296 
210 	 445 	 443 	 173 
211 	 416 	 421 	 331 
212 	 373 	 363 	 170 
209 	 311 	 317 	 309 
210 	 445 	 453 	 446 
211 	 416 	 425 	 470 
212 	 373 	 366 	 215 
213 	 374 	 362 	 356 
214 	 343 	 337 	 197 
215 	 347 	 333 	 318 
216 	 346 	 337 	 186 
213 	 374 	 375 	 382 
214 	 343 	 359 	 435 
215 	 347 	 348 	 435 
216 	 346 	 355 	 231 
209 	 311 	 334 	 316 
210 	 445 	 481 	 460 
211 	 416 	 452 	 490 
212 	 373 	 387 	 490 
213 	 374 	 383 	 505 
214 	 343 	 366 	 472 
215 	 347 	 356 	 442 
216 	 346 	 361 	 237 
217 	 391 	 377 	 368 
218 	 359 	 360 	 208 
219 	 356 	 342 	 326 
220 	 378 	 365 	 216 
217 	 391 	 388 	 409 
218 	 359 	 370 	 448 
219 	 356 	 363 	 439 
220 	 378 	 382 	 257 
221 	 441 	 423 	 383 
222 	 422 	 405 	 202 
223 	 456 	 455 	 443 
224 	 551 	 533 	 279 
221 	 441 	 441 	 432 
222 	 422 	 418 	 500 
223 	 456 	 469 	 573 
224 	 551 	 549 	 339 
217 	 391 	 431 	 429 
218 	 359 	 409 	 467 
219 	 356 	 405 	 469 
220 	 378 	 426 	 504 
221 	 441 	 471 	 540 
222 	 422 	 441 	 539 
223 	 456 	 493 	 583 
224 	 551 	 578 	 367 
209 	 311 	 445 	 325 
210 	 445 	 603 	 475 
211 	 416 	 564 	 497 
212 	 373 	 497 	 495 
213 	 374 	 484 	 508 
214 	 343 	 445 	 472 
215 	 347 	 417 	 469 
216 	 346 	 415 	 463 
217 	 391 	 462 	 521 
218 	 359 	 441 	 497 
219 	 356 	 438 	 469 
220 	 378 	 461 	 504 
221 	 441 	 518 	 536 
222 	 422 	 488 	 542 
223 	 456 	 538 	 589 
224 	 551 	 630 	 442 
225 	 480 	 476 	 411 
226 	 468 	 452 	 256 
227 	 481 	 470 	 398 
228 	 533 	 523 	 267 
225 	 480 	 486 	 469 
226 	 468 	 460 	 541 
227 	 481 	 476 	 516 
228 	 533 	 531 	 320 
229 	 483 	 474 	 384 
230 	 502 	 488 	 246 
231 	 586 	 575 	 426 
232 	 543 	 530 	 281 
229 	 483 	 497 	 442 
230 	 502 	 509 	 522 
231 	 586 	 585 	 549 
232 	 543 	 541 	 316 
225 	 480 	 529 	 522 
226 	 468 	 497 	 571 
227 	 481 	 513 	 551 
228 	 533 	 570 	 635 
229 	 483 	 515 	 592 
230 	 502 	 526 	 572 
231 	 586 	 608 	 567 
232 	 543 	 560 	 331 
233 	 543 	 531 	 390 
234 	 583 	 566 	 236 
235 	 707 	 686 	 476 
236 	 629 	 616 	 284 
233 	 543 	 544 	 430 
234 	 583 	 579 	 541 
235 	 707 	 698 	 601 
236 	 629 	 625 	 308 
237 	 660 	 653 	 472 
238 	 706 	 690 	 276 
239 	 788 	 773 	 549 
240 	 776 	 761 	 326 
237 	 660 	 675 	 504 
238 	 706 	 708 	 654 
239 	 788 	 785 	 747 
240 	 776 	 772 	 360 
233 	 543 	 707 	 454 
234 	 583 	 745 	 559 
235 	 707 	 818 	 644 
236 	 629 	 680 	 658 
237 	 660 	 699 	 668 
238 	 706 	 728 	 690 
239 	 788 	 805 	 768 
240 	 776 	 798 	 372 
225 	 480 	 627 	 565 
226 	 468 	 593 	 586 
227 	 481 	 615 	 558 
228 	 533 	 711 	 639 
229 	 483 	 669 	 606 
230 	 502 	 678 	 584 
231 	 586 	 775 	 601 
232 	 543 	 724 	 606 
233 	 543 	 751 	 566 
234 	 583 	 793 	 584 
235 	 707 	 867 	 658 
236 	 629 	 731 	 664 
237 	 660 	 758 	 675 
238 	 706 	 798 	 698 
239 	 788 	 875 	 781 
240 	 776 	 867 	 404 
241 	 840 	 836 	 564 
242 	 948 	 924 	 346 
243 	 914 	 901 	 628 
244 	 1049 	 1027 	 391 
241 	 840 	 877 	 610 
242 	 948 	 952 	 856 
243 	 914 	 915 	 846 
244 	 1049 	 1039 	 432 
245 	 1192 	 1213 	 827 
246 	 1250 	 1187 	 471 
247 	 1343 	 1320 	 866 
248 	 1440 	 1414 	 492 
245 	 1192 	 1295 	 868 
246 	 1250 	 1245 	 1171 
247 	 1343 	 1374 	 1180 
248 	 1440 	 1493 	 579 
241 	 840 	 1333 	 642 
242 	 948 	 1419 	 890 
243 	 914 	 1378 	 889 
244 	 1049 	 1275 	 1041 
245 	 1192 	 1320 	 1113 
246 	 1250 	 1277 	 1222 
247 	 1343 	 1406 	 1199 
248 	 1440 	 1542 	 612 
249 	 1600 	 1663 	 1180 
250 	 1967 	 1886 	 637 
251 	 2114 	 2259 	 1389 
252 	 2252 	 2181 	 732 
249 	 1600 	 2293 	 1248 
250 	 1967 	 2525 	 1784 
251 	 2114 	 2300 	 1862 
252 	 2252 	 2223 	 848 
253 	 2448 	 2607 	 1716 
254 	 2311 	 2190 	 889 
255 	 2467 	 2614 	 1765 
256 	 2817 	 2674 	 933 
253 	 2448 	 3409 	 1820 
254 	 2311 	 2745 	 2348 
255 	 2467 	 2665 	 2393 
256 	 2817 	 2737 	 1062 
249 	 1600 	 2722 	 1328 
250 	 1967 	 3093 	 1852 
251 	 2114 	 3217 	 1951 
252 	 2252 	 3545 	 2227 
253 	 2448 	 3496 	 2391 
254 	 2311 	 2826 	 2433 
255 	 2467 	 2736 	 2420 
256 	 2817 	 2819 	 1097 
241 	 840 	 1662 	 700 
242 	 948 	 1789 	 917 
243 	 914 	 1776 	 906 
244 	 1049 	 1858 	 1057 
245 	 1192 	 1955 	 1133 
246 	 1250 	 1873 	 1243 
247 	 1343 	 2032 	 1257 
248 	 1440 	 2542 	 1380 
249 	 1600 	 2839 	 1646 
250 	 1967 	 3231 	 1898 
251 	 2114 	 3368 	 1987 
252 	 2252 	 3695 	 2242 
253 	 2448 	 3656 	 2408 
254 	 2311 	 3011 	 2434 
255 	 2467 	 2887 	 2431 
256 	 2817 	 2999 	 1155 
257 	 2604 	 2673 	 1770 
258 	 2358 	 2222 	 872 
259 	 2493 	 2504 	 1698 
260 	 2517 	 2296 	 902 
257 	 2604 	 3124 	 1859 
258 	 2358 	 2732 	 2236 
259 	 2493 	 2766 	 2320 
260 	 2517 	 2459 	 1002 
261 	 2665 	 2663 	 1739 
262 	 2578 	 2459 	 899 
263 	 2954 	 2905 	 1983 
264 	 2895 	 2709 	 1013 
261 	 2665 	 3158 	 1848 
262 	 2578 	 3277 	 2459 
263 	 2954 	 3130 	 2707 
264 	 2895 	 2928 	 1120 
257 	 2604 	 3625 	 1935 
258 	 2358 	 3414 	 2285 
259 	 2493 	 3580 	 2404 
260 	 2517 	 3377 	 2424 
261 	 2665 	 3460 	 2415 
262 	 2578 	 3487 	 2549 
263 	 2954 	 3338 	 2740 
264 	 2895 	 3127 	 1180 
265 	 2336 	 2238 	 1616 
266 	 2273 	 2008 	 921 
267 	 2449 	 2328 	 1553 
268 	 2368 	 2032 	 866 
265 	 2336 	 2696 	 1745 
266 	 2273 	 2531 	 2163 
267 	 2449 	 2428 	 2073 
268 	 2368 	 2151 	 974 
269 	 2195 	 1937 	 1480 
270 	 2249 	 1912 	 805 
271 	 2226 	 1994 	 1487 
272 	 2025 	 1777 	 854 
269 	 2195 	 2227 	 1593 
270 	 2249 	 2190 	 2054 
271 	 2226 	 2094 	 2029 
272 	 2025 	 1895 	 976 
265 	 2336 	 3280 	 1823 
266 	 2273 	 3175 	 2220 
267 	 2449 	 3135 	 2176 
268 	 2368 	 2818 	 2167 
269 	 2195 	 2456 	 2086 
270 	 2249 	 2430 	 2172 
271 	 2226 	 2345 	 2092 
272 	 2025 	 2113 	 1024 
257 	 2604 	 3778 	 2043 
258 	 2358 	 3643 	 2332 
259 	 2493 	 3992 	 2436 
260 	 2517 	 3986 	 2454 
261 	 2665 	 4271 	 2447 
262 	 2578 	 4406 	 2591 
263 	 2954 	 4435 	 2812 
264 	 2895 	 4517 	 2622 
265 	 2336 	 3847 	 2393 
266 	 2273 	 3750 	 2306 
267 	 2449 	 3642 	 2202 
268 	 2368 	 3264 	 2193 
269 	 2195 	 2845 	 2102 
270 	 2249 	 2756 	 2219 
271 	 2226 	 2679 	 2128 
272 	 2025 	 2431 	 1206 
273 	 1881 	 1730 	 1143 
274 	 1847 	 1578 	 632 
275 	 1671 	 1513 	 1046 
276 	 1679 	 1428 	 587 
273 	 1881 	 1931 	 1230 
274 	 1847 	 1822 	 1461 
275 	 1671 	 1631 	 1390 
276 	 1679 	 1520 	 687 
277 	 1637 	 1462 	 1022 
278 	 1648 	 1354 	 574 
279 	 1713 	 1530 	 975 
280 	 1511 	 1202 	 566 
277 	 1637 	 1606 	 1123 
278 	 1648 	 1623 	 1390 
279 	 1713 	 1663 	 1325 
280 	 1511 	 1295 	 650 
273 	 1881 	 2368 	 1306 
274 	 1847 	 2279 	 1534 
275 	 1671 	 2043 	 1523 
276 	 1679 	 1910 	 1519 
277 	 1637 	 1790 	 1479 
278 	 1648 	 1824 	 1478 
279 	 1713 	 1837 	 1365 
280 	 1511 	 1414 	 684 
281 	 1536 	 1329 	 1068 
282 	 1562 	 1209 	 585 
283 	 1565 	 1270 	 1026 
284 	 1547 	 1158 	 592 
281 	 1536 	 1524 	 1144 
282 	 1562 	 1513 	 1420 
283 	 1565 	 1421 	 1441 
284 	 1547 	 1235 	 672 
285 	 1662 	 1385 	 1143 
286 	 1768 	 1284 	 639 
287 	 1855 	 1566 	 1298 
288 	 2018 	 1472 	 696 
285 	 1662 	 1599 	 1233 
286 	 1768 	 1660 	 1621 
287 	 1855 	 1740 	 1725 
288 	 2018 	 1619 	 783 
281 	 1536 	 1719 	 1192 
282 	 1562 	 1817 	 1473 
283 	 1565 	 1796 	 1534 
284 	 1547 	 1800 	 1514 
285 	 1662 	 1785 	 1607 
286 	 1768 	 1816 	 1680 
287 	 1855 	 1974 	 1746 
288 	 2018 	 1782 	 821 
273 	 1881 	 2420 	 1353 
274 	 1847 	 2342 	 1573 
275 	 1671 	 2147 	 1556 
276 	 1679 	 2086 	 1556 
277 	 1637 	 2027 	 1513 
278 	 1648 	 2093 	 1543 
279 	 1713 	 2175 	 1469 
280 	 1511 	 1956 	 1467 
281 	 1536 	 1981 	 1549 
282 	 1562 	 2007 	 1520 
283 	 1565 	 1988 	 1547 
284 	 1547 	 2004 	 1522 
285 	 1662 	 2000 	 1617 
286 	 1768 	 1991 	 1691 
287 	 1855 	 2044 	 1764 
288 	 2018 	 1814 	 866 
289 	 2370 	 2047 	 1436 
290 	 2309 	 1710 	 721 
291 	 2231 	 1907 	 1398 
292 	 2255 	 1554 	 776 
289 	 2370 	 2276 	 1525 
290 	 2309 	 2305 	 1844 
291 	 2231 	 2278 	 1928 
292 	 2255 	 1659 	 866 
293 	 2219 	 1818 	 1335 
294 	 2198 	 1548 	 703 
295 	 2198 	 1945 	 1299 
296 	 2242 	 1605 	 718 
293 	 2219 	 2000 	 1449 
294 	 2198 	 2214 	 1818 
295 	 2198 	 2290 	 1808 
296 	 2242 	 1743 	 818 
289 	 2370 	 2345 	 1558 
290 	 2309 	 2412 	 1885 
291 	 2231 	 2476 	 1998 
292 	 2255 	 2371 	 1966 
293 	 2219 	 2364 	 1967 
294 	 2198 	 2331 	 1907 
295 	 2198 	 2369 	 1835 
296 	 2242 	 1805 	 868 
297 	 2471 	 2684 	 1411 
298 	 2947 	 2102 	 772 
299 	 2499 	 1998 	 1413 
300 	 2409 	 1498 	 755 
297 	 2471 	 2971 	 1514 
298 	 2947 	 3048 	 2044 
299 	 2499 	 2275 	 1963 
300 	 2409 	 1607 	 860 
301 	 2524 	 2116 	 1482 
302 	 2595 	 1727 	 778 
303 	 3087 	 2715 	 1923 
304 	 3195 	 2339 	 978 
301 	 2524 	 2654 	 1622 
302 	 2595 	 3091 	 2152 
303 	 3087 	 3027 	 2527 
304 	 3195 	 2478 	 1088 
297 	 2471 	 2986 	 1539 
298 	 2947 	 3100 	 2093 
299 	 2499 	 2553 	 2053 
300 	 2409 	 2547 	 2024 
301 	 2524 	 2994 	 2120 
302 	 2595 	 3261 	 2255 
303 	 3087 	 3157 	 2593 
304 	 3195 	 2587 	 1130 
289 	 2370 	 2347 	 1596 
290 	 2309 	 2417 	 1905 
291 	 2231 	 2482 	 2020 
292 	 2255 	 2374 	 1991 
293 	 2219 	 2377 	 1997 
294 	 2198 	 2379 	 1949 
295 	 2198 	 2576 	 1931 
296 	 2242 	 2976 	 1890 
297 	 2471 	 3383 	 2048 
298 	 2947 	 3293 	 2190 
299 	 2499 	 2721 	 2081 
300 	 2409 	 2667 	 2051 
301 	 2524 	 3103 	 2129 
302 	 2595 	 3365 	 2263 
303 	 3087 	 3253 	 2605 
304 	 3195 	 2701 	 1201 
305 	 2863 	 2323 	 1789 
306 	 2721 	 2018 	 949 
307 	 2862 	 2206 	 1814 
308 	 2706 	 2000 	 996 
305 	 2863 	 2801 	 1927 
306 	 2721 	 2732 	 2366 
307 	 2862 	 2610 	 2399 
308 	 2706 	 2258 	 1108 
309 	 2705 	 2168 	 1821 
310 	 2745 	 1989 	 919 
311 	 2736 	 2132 	 1812 
312 	 2625 	 1954 	 995 
309 	 2705 	 2573 	 1963 
310 	 2745 	 2621 	 2358 
311 	 2736 	 2467 	 2417 
312 	 2625 	 2105 	 1129 
305 	 2863 	 2941 	 1971 
306 	 2721 	 3020 	 2413 
307 	 2862 	 3170 	 2570 
308 	 2706 	 3168 	 2622 
309 	 2705 	 3110 	 2611 
310 	 2745 	 2928 	 2517 
311 	 2736 	 2671 	 2479 
312 	 2625 	 2278 	 1179 
313 	 2659 	 2227 	 1824 
314 	 2863 	 2059 	 894 
315 	 2850 	 2211 	 1922 
316 	 2863 	 1961 	 935 
313 	 2659 	 2611 	 1985 
314 	 2863 	 2727 	 2432 
315 	 2850 	 2486 	 2486 
316 	 2863 	 2116 	 1114 
317 	 3034 	 2325 	 1982 
318 	 3233 	 2072 	 1052 
319 	 3497 	 2613 	 2119 
320 	 3322 	 2279 	 1107 
317 	 3034 	 2682 	 2167 
318 	 3233 	 2896 	 2766 
319 	 3497 	 2921 	 2715 
320 	 3322 	 2455 	 1343 
313 	 2659 	 2837 	 2048 
314 	 2863 	 3101 	 2523 
315 	 2850 	 3036 	 2691 
316 	 2863 	 3046 	 2713 
317 	 3034 	 3024 	 2758 
318 	 3233 	 3088 	 2953 
319 	 3497 	 3024 	 2827 
320 	 3322 	 2540 	 1435 
305 	 2863 	 3067 	 2035 
306 	 2721 	 3165 	 2453 
307 	 2862 	 3339 	 2608 
308 	 2706 	 3362 	 2671 
309 	 2705 	 3389 	 2670 
310 	 2745 	 3383 	 2600 
311 	 2736 	 3339 	 2691 
312 	 2625 	 3274 	 2636 
313 	 2659 	 3357 	 2635 
314 	 2863 	 3432 	 2709 
315 	 2850 	 3260 	 2776 
316 	 2863 	 3236 	 2759 
317 	 3034 	 3205 	 2805 
318 	 3233 	 3244 	 2990 
319 	 3497 	 3158 	 2857 
320 	 3322 	 2672 	 1475 
321 	 3480 	 2592 	 2134 
322 	 3454 	 2272 	 1168 
323 	 3702 	 2546 	 2124 
324 	 3581 	 2201 	 1182 
321 	 3480 	 2968 	 2340 
322 	 3454 	 2974 	 2841 
323 	 3702 	 2816 	 2775 
324 	 3581 	 2395 	 1397 
325 	 3475 	 2433 	 2109 
326 	 3387 	 2194 	 1196 
327 	 3379 	 2602 	 2109 
328 	 3458 	 2233 	 1150 
325 	 3475 	 2879 	 2358 
326 	 3387 	 2852 	 2783 
327 	 3379 	 2793 	 2780 
328 	 3458 	 2412 	 1413 
321 	 3480 	 3276 	 2465 
322 	 3454 	 3375 	 2982 
323 	 3702 	 3378 	 2999 
324 	 3581 	 3287 	 3020 
325 	 3475 	 3235 	 3050 
326 	 3387 	 3154 	 2987 
327 	 3379 	 3056 	 2913 
328 	 3458 	 2657 	 1541 
329 	 3421 	 2533 	 2003 
330 	 3315 	 2182 	 1149 
331 	 3273 	 2376 	 2020 
332 	 3460 	 2158 	 1225 
329 	 3421 	 3015 	 2248 
330 	 3315 	 2855 	 2677 
331 	 3273 	 2534 	 2716 
332 	 3460 	 2295 	 1467 
333 	 3254 	 2335 	 1971 
334 	 3383 	 2118 	 1129 
335 	 3611 	 2813 	 2230 
336 	 3675 	 2502 	 1348 
333 	 3254 	 2934 	 2229 
334 	 3383 	 3032 	 2851 
335 	 3611 	 3045 	 3024 
336 	 3675 	 2619 	 1591 
329 	 3421 	 3327 	 2404 
330 	 3315 	 3269 	 2845 
331 	 3273 	 3173 	 2985 
332 	 3460 	 3304 	 3071 
333 	 3254 	 3273 	 2976 
334 	 3383 	 3263 	 3091 
335 	 3611 	 3232 	 3156 
336 	 3675 	 2820 	 1737 
321 	 3480 	 3477 	 2557 
322 	 3454 	 3555 	 3055 
323 	 3702 	 3589 	 3059 
324 	 3581 	 3547 	 3094 
325 	 3475 	 3593 	 3132 
326 	 3387 	 3644 	 3133 
327 	 3379 	 3778 	 3148 
328 	 3458 	 3781 	 3126 
329 	 3421 	 3722 	 3023 
330 	 3315 	 3631 	 3057 
331 	 3273 	 3495 	 3093 
332 	 3460 	 3571 	 3169 
333 	 3254 	 3500 	 3030 
334 	 3383 	 3499 	 3136 
335 	 3611 	 3453 	 3214 
336 	 3675 	 3079 	 1917 
337 	 3709 	 2902 	 2343 
338 	 3700 	 2652 	 1514 
339 	 3717 	 3047 	 2337 
340 	 3680 	 2652 	 1453 
337 	 3709 	 3503 	 2616 
338 	 3700 	 3589 	 3270 
339 	 3717 	 3469 	 3136 
340 	 3680 	 2968 	 1660 
341 	 3526 	 2909 	 2281 
342 	 3652 	 2574 	 1378 
343 	 3773 	 2903 	 2316 
344 	 3631 	 2555 	 1456 
341 	 3526 	 3381 	 2504 
342 	 3652 	 3571 	 3170 
343 	 3773 	 3387 	 3176 
344 	 3631 	 2932 	 1662 
337 	 3709 	 3646 	 2728 
338 	 3700 	 3821 	 3375 
339 	 3717 	 4074 	 3372 
340 	 3680 	 4091 	 3500 
341 	 3526 	 4004 	 3383 
342 	 3652 	 4046 	 3384 
343 	 3773 	 3678 	 3275 
344 	 3631 	 3106 	 1748 
345 	 3735 	 2886 	 2287 
346 	 3939 	 2507 	 1451 
347 	 4099 	 3173 	 2570 
348 	 4019 	 2911 	 1549 
345 	 3735 	 3298 	 2513 
346 	 3939 	 3431 	 3360 
347 	 4099 	 3611 	 3478 
348 	 4019 	 3115 	 1772 
349 	 3963 	 3517 	 2794 
350 	 4495 	 3194 	 1478 
351 	 4181 	 4540 	 2462 
352 	 4503 	 3413 	 1298 
349 	 3963 	 3954 	 2981 
350 	 4495 	 4725 	 3566 
351 	 4181 	 4999 	 3289 
352 	 4503 	 3771 	 1511 
345 	 3735 	 3430 	 2645 
346 	 3939 	 3652 	 3503 
347 	 4099 	 4180 	 3678 
348 	 4019 	 4623 	 3762 
349 	 3963 	 4638 	 3868 
350 	 4495 	 5166 	 3792 
351 	 4181 	 5311 	 3410 
352 	 4503 	 4033 	 1660 
337 	 3709 	 3762 	 2829 
338 	 3700 	 3925 	 3440 
339 	 3717 	 4200 	 3420 
340 	 3680 	 4230 	 3570 
341 	 3526 	 4164 	 3446 
342 	 3652 	 4286 	 3488 
343 	 3773 	 4254 	 3513 
344 	 3631 	 4231 	 3500 
345 	 3735 	 4167 	 3498 
346 	 3939 	 4089 	 3711 
347 	 4099 	 4483 	 3790 
348 	 4019 	 4880 	 3831 
349 	 3963 	 4838 	 3929 
350 	 4495 	 5331 	 3850 
351 	 4181 	 5448 	 3461 
352 	 4503 	 4185 	 1853 
353 	 3564 	 3449 	 2336 
354 	 4042 	 2730 	 1157 
355 	 3182 	 2352 	 1849 
356 	 2951 	 1781 	 1051 
353 	 3564 	 3810 	 2498 
354 	 4042 	 3503 	 2753 
355 	 3182 	 2561 	 2483 
356 	 2951 	 1957 	 1223 
357 	 2916 	 2158 	 1789 
358 	 2824 	 1860 	 1011 
359 	 2819 	 2390 	 1695 
360 	 3171 	 2249 	 926 
357 	 2916 	 2557 	 1949 
358 	 2824 	 2552 	 2310 
359 	 2819 	 2617 	 2270 
360 	 3171 	 2439 	 1097 
353 	 3564 	 4022 	 2616 
354 	 4042 	 3854 	 2884 
355 	 3182 	 3049 	 2690 
356 	 2951 	 2761 	 2547 
357 	 2916 	 2863 	 2517 
358 	 2824 	 2818 	 2450 
359 	 2819 	 2862 	 2343 
360 	 3171 	 2874 	 1271 
361 	 4030 	 3619 	 1990 
362 	 3787 	 2720 	 1065 
363 	 3662 	 2674 	 1873 
364 	 2715 	 1866 	 1109 
361 	 4030 	 3944 	 2123 
362 	 3787 	 3896 	 2786 
363 	 3662 	 3115 	 2569 
364 	 2715 	 2068 	 1305 
365 	 2536 	 1847 	 1642 
366 	 2603 	 1726 	 1030 
367 	 2625 	 1839 	 1668 
368 	 2770 	 1750 	 1009 
365 	 2536 	 2081 	 1810 
366 	 2603 	 2110 	 2260 
367 	 2625 	 2116 	 2211 
368 	 2770 	 1917 	 1211 
361 	 4030 	 4103 	 2196 
362 	 3787 	 4079 	 2863 
363 	 3662 	 3405 	 2709 
364 	 2715 	 2667 	 2644 
365 	 2536 	 2484 	 2362 
366 	 2603 	 2397 	 2410 
367 	 2625 	 2367 	 2312 
368 	 2770 	 2156 	 1374 
353 	 3564 	 4129 	 2842 
354 	 4042 	 3963 	 2947 
355 	 3182 	 3175 	 2746 
356 	 2951 	 2919 	 2600 
357 	 2916 	 3069 	 2591 
358 	 2824 	 3113 	 2545 
359 	 2819 	 3416 	 2507 
360 	 3171 	 4301 	 2573 
361 	 4030 	 4668 	 2788 
362 	 3787 	 4467 	 2995 
363 	 3662 	 3615 	 2788 
364 	 2715 	 2829 	 2703 
365 	 2536 	 2631 	 2411 
366 	 2603 	 2539 	 2449 
367 	 2625 	 2481 	 2356 
368 	 2770 	 2257 	 1559 
369 	 2816 	 1863 	 1739 
370 	 2965 	 1840 	 961 
371 	 3267 	 2256 	 2028 
372 	 3634 	 2168 	 1219 
369 	 2816 	 2027 	 1920 
370 	 2965 	 2379 	 2351 
371 	 3267 	 2598 	 2633 
372 	 3634 	 2366 	 1390 
373 	 3709 	 2313 	 2060 
374 	 3438 	 2151 	 1176 
375 	 3518 	 2179 	 2066 
376 	 3362 	 2063 	 1205 
373 	 3709 	 2564 	 2252 
374 	 3438 	 2620 	 2721 
375 	 3518 	 2546 	 2758 
376 	 3362 	 2229 	 1356 
369 	 2816 	 2195 	 2020 
370 	 2965 	 2610 	 2465 
371 	 3267 	 2948 	 2793 
372 	 3634 	 3080 	 3088 
373 	 3709 	 3064 	 2976 
374 	 3438 	 2943 	 2899 
375 	 3518 	 2752 	 2863 
376 	 3362 	 2366 	 1463 
377 	 3244 	 2063 	 1986 
378 	 3336 	 2073 	 1188 
379 	 3412 	 2155 	 2059 
380 	 3376 	 2066 	 1303 
377 	 3244 	 2292 	 2167 
378 	 3336 	 2480 	 2746 
379 	 3412 	 2558 	 2787 
380 	 3376 	 2274 	 1473 
381 	 3456 	 2170 	 2052 
382 	 3755 	 2041 	 1210 
383 	 3780 	 2208 	 1995 
384 	 3343 	 2090 	 1146 
381 	 3456 	 2328 	 2198 
382 	 3755 	 2585 	 2933 
383 	 3780 	 2647 	 2819 
384 	 3343 	 2375 	 1329 
377 	 3244 	 2483 	 2255 
378 	 3336 	 2714 	 2840 
379 	 3412 	 2853 	 2977 
380 	 3376 	 2803 	 3015 
381 	 3456 	 2863 	 2989 
382 	 3755 	 2920 	 3102 
383 	 3780 	 2840 	 2915 
384 	 3343 	 2501 	 1451 
369 	 2816 	 2294 	 2107 
370 	 2965 	 2699 	 2522 
371 	 3267 	 3049 	 2848 
372 	 3634 	 3229 	 3166 
373 	 3709 	 3318 	 3066 
374 	 3438 	 3298 	 3013 
375 	 3518 	 3189 	 3065 
376 	 3362 	 3061 	 2981 
377 	 3244 	 3013 	 2959 
378 	 3336 	 3043 	 3013 
379 	 3412 	 3101 	 3074 
380 	 3376 	 3028 	 3088 
381 	 3456 	 3066 	 3038 
382 	 3755 	 3099 	 3162 
383 	 3780 	 3019 	 2962 
384 	 3343 	 2687 	 1560 
385 	 3380 	 2247 	 2030 
386 	 3597 	 2257 	 1161 
387 	 3626 	 2398 	 2099 
388 	 3443 	 2392 	 1215 
385 	 3380 	 2468 	 2198 
386 	 3597 	 2712 	 2925 
387 	 3626 	 2801 	 2852 
388 	 3443 	 2733 	 1389 
389 	 3335 	 2280 	 2042 
390 	 3301 	 2190 	 1217 
391 	 3145 	 2295 	 1918 
392 	 3129 	 2142 	 1057 
389 	 3335 	 2584 	 2219 
390 	 3301 	 2622 	 2704 
391 	 3145 	 2623 	 2589 
392 	 3129 	 2411 	 1309 
385 	 3380 	 2728 	 2309 
386 	 3597 	 3037 	 3035 
387 	 3626 	 3233 	 3044 
388 	 3443 	 3369 	 2964 
389 	 3335 	 3183 	 2925 
390 	 3301 	 3116 	 2873 
391 	 3145 	 2996 	 2683 
392 	 3129 	 2703 	 1428 
393 	 3251 	 2216 	 1969 
394 	 3114 	 2121 	 1190 
395 	 3095 	 2199 	 1928 
396 	 3150 	 2048 	 1086 
393 	 3251 	 2608 	 2180 
394 	 3114 	 2612 	 2668 
395 	 3095 	 2444 	 2616 
396 	 3150 	 2267 	 1276 
397 	 3221 	 2218 	 1916 
398 	 3112 	 2067 	 1102 
399 	 3197 	 2462 	 1986 
400 	 3415 	 2219 	 1126 
397 	 3221 	 2729 	 2158 
398 	 3112 	 2690 	 2630 
399 	 3197 	 2623 	 2609 
400 	 3415 	 2364 	 1278 
393 	 3251 	 2959 	 2289 
394 	 3114 	 3082 	 2785 
395 	 3095 	 3035 	 2806 
396 	 3150 	 3054 	 2700 
397 	 3221 	 3074 	 2750 
398 	 3112 	 3033 	 2786 
399 	 3197 	 2995 	 2706 
400 	 3415 	 2729 	 1467 
385 	 3380 	 3005 	 2419 
386 	 3597 	 3301 	 3108 
387 	 3626 	 3511 	 3110 
388 	 3443 	 3671 	 3029 
389 	 3335 	 3577 	 3014 
390 	 3301 	 3692 	 3000 
391 	 3145 	 3727 	 2906 
392 	 3129 	 3616 	 2789 
393 	 3251 	 3550 	 2937 
394 	 3114 	 3559 	 2937 
395 	 3095 	 3457 	 2880 
396 	 3150 	 3432 	 2766 
397 	 3221 	 3416 	 2802 
398 	 3112 	 3300 	 2840 
399 	 3197 	 3220 	 2769 
400 	 3415 	 2953 	 1700 
401 	 3375 	 2567 	 2192 
402 	 3380 	 2236 	 1196 
403 	 3446 	 2670 	 2255 
404 	 3653 	 2313 	 1199 
401 	 3375 	 3098 	 2359 
402 	 3380 	 3074 	 2895 
403 	 3446 	 2877 	 2999 
404 	 3653 	 2508 	 1370 
405 	 3574 	 2745 	 2367 
406 	 3713 	 2225 	 1213 
407 	 3911 	 2798 	 2563 
408 	 4185 	 2243 	 1336 
405 	 3574 	 3159 	 2527 
406 	 3713 	 3153 	 3193 
407 	 3911 	 3035 	 3335 
408 	 4185 	 2422 	 1470 
401 	 3375 	 3278 	 2461 
402 	 3380 	 3367 	 2984 
403 	 3446 	 3467 	 3158 
404 	 3653 	 3566 	 3432 
405 	 3574 	 3561 	 3334 
406 	 3713 	 3567 	 3343 
407 	 3911 	 3422 	 3407 
408 	 4185 	 2769 	 1521 
409 	 4131 	 2820 	 2452 
410 	 3980 	 2139 	 1221 
411 	 3453 	 2553 	 2184 
412 	 3236 	 1941 	 1108 
409 	 4131 	 3139 	 2579 
410 	 3980 	 3052 	 3080 
411 	 3453 	 2769 	 2950 
412 	 3236 	 2110 	 1239 
413 	 3065 	 2353 	 2020 
414 	 3141 	 1856 	 1037 
415 	 3182 	 2383 	 2052 
416 	 3103 	 1863 	 1062 
413 	 3065 	 2691 	 2151 
414 	 3141 	 2774 	 2729 
415 	 3182 	 2576 	 2697 
416 	 3103 	 1981 	 1175 
409 	 4131 	 3225 	 2622 
410 	 3980 	 3205 	 3140 
411 	 3453 	 3134 	 3094 
412 	 3236 	 3047 	 2900 
413 	 3065 	 3073 	 2870 
414 	 3141 	 3015 	 2862 
415 	 3182 	 2803 	 2746 
416 	 3103 	 2174 	 1244 
401 	 3375 	 3349 	 2525 
402 	 3380 	 3437 	 3031 
403 	 3446 	 3563 	 3179 
404 	 3653 	 3682 	 3472 
405 	 3574 	 3705 	 3376 
406 	 3713 	 3771 	 3405 
407 	 3911 	 3853 	 3551 
408 	 4185 	 3889 	 3704 
409 	 4131 	 3893 	 3471 
410 	 3980 	 3730 	 3280 
411 	 3453 	 3593 	 3156 
412 	 3236 	 3409 	 2934 
413 	 3065 	 3335 	 2902 
414 	 3141 	 3213 	 2885 
415 	 3182 	 2982 	 2780 
416 	 3103 	 2306 	 1315 
417 	 3100 	 2630 	 2096 
418 	 3358 	 2087 	 1130 
419 	 3833 	 3413 	 2384 
420 	 3573 	 2559 	 1251 
417 	 3100 	 2983 	 2198 
418 	 3358 	 3461 	 2991 
419 	 3833 	 3567 	 3095 
420 	 3573 	 2669 	 1355 
421 	 3256 	 3225 	 2167 
422 	 3239 	 2292 	 994 
423 	 3152 	 3173 	 2036 
424 	 3162 	 2219 	 977 
421 	 3256 	 3672 	 2277 
422 	 3239 	 3550 	 2775 
423 	 3152 	 3288 	 2640 
424 	 3162 	 2291 	 1084 
417 	 3100 	 3081 	 2245 
418 	 3358 	 3660 	 3054 
419 	 3833 	 4076 	 3206 
420 	 3573 	 4160 	 3150 
421 	 3256 	 3877 	 2927 
422 	 3239 	 3716 	 2862 
423 	 3152 	 3478 	 2691 
424 	 3162 	 2465 	 1186 
425 	 2910 	 2797 	 2029 
426 	 2736 	 2042 	 895 
427 	 2695 	 2669 	 2099 
428 	 2743 	 2020 	 918 
425 	 2910 	 3192 	 2149 
426 	 2736 	 3022 	 2534 
427 	 2695 	 2790 	 2652 
428 	 2743 	 2098 	 1055 
429 	 2888 	 2938 	 2160 
430 	 2907 	 2229 	 1039 
431 	 2679 	 2669 	 2039 
432 	 2611 	 1972 	 999 
429 	 2888 	 3428 	 2271 
430 	 2907 	 3191 	 2716 
431 	 2679 	 2763 	 2639 
432 	 2611 	 2049 	 1141 
425 	 2910 	 3352 	 2202 
426 	 2736 	 3273 	 2598 
427 	 2695 	 3275 	 2762 
428 	 2743 	 3391 	 2761 
429 	 2888 	 3579 	 2848 
430 	 2907 	 3297 	 2818 
431 	 2679 	 2886 	 2701 
432 	 2611 	 2197 	 1210 
417 	 3100 	 3136 	 2287 
418 	 3358 	 3722 	 3062 
419 	 3833 	 4129 	 3237 
420 	 3573 	 4240 	 3166 
421 	 3256 	 4020 	 2957 
422 	 3239 	 3976 	 2907 
423 	 3152 	 4019 	 2792 
424 	 3162 	 3749 	 2699 
425 	 2910 	 3630 	 2737 
426 	 2736 	 3510 	 2682 
427 	 2695 	 3476 	 2803 
428 	 2743 	 3606 	 2795 
429 	 2888 	 3817 	 2879 
430 	 2907 	 3540 	 2860 
431 	 2679 	 3125 	 2747 
432 	 2611 	 2396 	 1378 
433 	 2698 	 2486 	 2068 
434 	 2730 	 2095 	 996 
435 	 2604 	 2347 	 1994 
436 	 2571 	 2097 	 898 
433 	 2698 	 2842 	 2209 
434 	 2730 	 2840 	 2732 
435 	 2604 	 2616 	 2640 
436 	 2571 	 2242 	 1035 
437 	 2546 	 2457 	 1893 
438 	 2483 	 2083 	 943 
439 	 2532 	 2546 	 1841 
440 	 2680 	 2263 	 933 
437 	 2546 	 2816 	 2057 
438 	 2483 	 2842 	 2341 
439 	 2532 	 2803 	 2381 
440 	 2680 	 2442 	 1113 
433 	 2698 	 3030 	 2280 
434 	 2730 	 3128 	 2798 
435 	 2604 	 3075 	 2737 
436 	 2571 	 3142 	 2542 
437 	 2546 	 3150 	 2586 
438 	 2483 	 3086 	 2447 
439 	 2532 	 3013 	 2444 
440 	 2680 	 2643 	 1256 
441 	 2490 	 2357 	 1794 
442 	 2349 	 2028 	 940 
443 	 2325 	 2162 	 1617 
444 	 2217 	 1926 	 840 
441 	 2490 	 2653 	 1930 
442 	 2349 	 2541 	 2251 
443 	 2325 	 2467 	 2112 
444 	 2217 	 2209 	 981 
445 	 2254 	 2003 	 1590 
446 	 2283 	 1901 	 833 
447 	 2360 	 2007 	 1792 
448 	 2461 	 1959 	 1007 
445 	 2254 	 2215 	 1720 
446 	 2283 	 2321 	 2208 
447 	 2360 	 2272 	 2344 
448 	 2461 	 2180 	 1201 
441 	 2490 	 2811 	 2006 
442 	 2349 	 2773 	 2295 
443 	 2325 	 2817 	 2227 
444 	 2217 	 2806 	 2155 
445 	 2254 	 2705 	 2185 
446 	 2283 	 2780 	 2339 
447 	 2360 	 2620 	 2425 
448 	 2461 	 2460 	 1316 
433 	 2698 	 3145 	 2366 
434 	 2730 	 3223 	 2829 
435 	 2604 	 3218 	 2763 
436 	 2571 	 3347 	 2574 
437 	 2546 	 3364 	 2652 
438 	 2483 	 3383 	 2517 
439 	 2532 	 3559 	 2562 
440 	 2680 	 3491 	 2525 
441 	 2490 	 3358 	 2550 
442 	 2349 	 3265 	 2410 
443 	 2325 	 3257 	 2296 
444 	 2217 	 3196 	 2186 
445 	 2254 	 3008 	 2229 
446 	 2283 	 3042 	 2380 
447 	 2360 	 2815 	 2472 
448 	 2461 	 2624 	 1435 
449 	 2469 	 2084 	 1780 
450 	 2450 	 2016 	 957 
451 	 2417 	 2020 	 1776 
452 	 2364 	 1963 	 1062 
449 	 2469 	 2289 	 1925 
450 	 2450 	 2359 	 2328 
451 	 2417 	 2327 	 2316 
452 	 2364 	 2229 	 1263 
453 	 2235 	 1896 	 1709 
454 	 2315 	 1908 	 976 
455 	 2236 	 1880 	 1615 
456 	 2094 	 2036 	 906 
453 	 2235 	 2126 	 1872 
454 	 2315 	 2203 	 2161 
455 	 2236 	 2216 	 2118 
456 	 2094 	 2269 	 1139 
449 	 2469 	 2498 	 2011 
450 	 2450 	 2635 	 2407 
451 	 2417 	 2665 	 2455 
452 	 2364 	 2702 	 2544 
453 	 2235 	 2624 	 2391 
454 	 2315 	 2602 	 2284 
455 	 2236 	 2534 	 2188 
456 	 2094 	 2534 	 1274 
457 	 2033 	 1863 	 1554 
458 	 2111 	 1929 	 856 
459 	 2075 	 1971 	 1633 
460 	 2062 	 1893 	 886 
457 	 2033 	 2145 	 1703 
458 	 2111 	 2251 	 2119 
459 	 2075 	 2237 	 2106 
460 	 2062 	 2147 	 1110 
461 	 2141 	 2089 	 1699 
462 	 2151 	 1970 	 888 
463 	 2138 	 2048 	 1609 
464 	 2089 	 1947 	 955 
461 	 2141 	 2365 	 1846 
462 	 2151 	 2311 	 2099 
463 	 2138 	 2257 	 2160 
464 	 2089 	 2201 	 1138 
457 	 2033 	 2416 	 1806 
458 	 2111 	 2617 	 2212 
459 	 2075 	 2728 	 2264 
460 	 2062 	 2707 	 2296 
461 	 2141 	 2792 	 2369 
462 	 2151 	 2696 	 2218 
463 	 2138 	 2590 	 2241 
464 	 2089 	 2446 	 1293 
449 	 2469 	 2773 	 2142 
450 	 2450 	 2905 	 2466 
451 	 2417 	 2910 	 2499 
452 	 2364 	 2934 	 2585 
453 	 2235 	 2890 	 2438 
454 	 2315 	 2924 	 2355 
455 	 2236 	 2976 	 2304 
456 	 2094 	 3071 	 2285 
457 	 2033 	 3029 	 2330 
458 	 2111 	 3086 	 2353 
459 	 2075 	 3100 	 2344 
460 	 2062 	 3063 	 2360 
461 	 2141 	 3147 	 2440 
462 	 2151 	 3030 	 2273 
463 	 2138 	 2889 	 2314 
464 	 2089 	 2750 	 1480 
465 	 2215 	 2161 	 1634 
466 	 2158 	 2047 	 1007 
467 	 2248 	 2247 	 1648 
468 	 2136 	 1997 	 1030 
465 	 2215 	 2483 	 1784 
466 	 2158 	 2415 	 2242 
467 	 2248 	 2432 	 2222 
468 	 2136 	 2160 	 1236 
469 	 2155 	 2361 	 1605 
470 	 2431 	 2166 	 962 
471 	 2808 	 2565 	 1556 
472 	 2145 	 2049 	 919 
469 	 2155 	 2536 	 1741 
470 	 2431 	 3020 	 2270 
471 	 2808 	 2757 	 2115 
472 	 2145 	 2162 	 1151 
465 	 2215 	 2723 	 1893 
466 	 2158 	 2703 	 2318 
467 	 2248 	 2824 	 2367 
468 	 2136 	 2693 	 2318 
469 	 2155 	 2833 	 2280 
470 	 2431 	 3232 	 2416 
471 	 2808 	 2922 	 2196 
472 	 2145 	 2323 	 1354 
473 	 1585 	 1485 	 1219 
474 	 1430 	 1389 	 805 
475 	 1407 	 1341 	 1101 
476 	 1459 	 1366 	 625 
473 	 1585 	 1578 	 1339 
474 	 1430 	 1475 	 1546 
475 	 1407 	 1466 	 1481 
476 	 1459 	 1508 	 751 
477 	 1403 	 1295 	 1022 
478 	 1358 	 1321 	 617 
479 	 1352 	 1263 	 966 
480 	 1309 	 1219 	 681 
477 	 1403 	 1409 	 1121 
478 	 1358 	 1437 	 1404 
479 	 1352 	 1429 	 1306 
480 	 1309 	 1370 	 799 
473 	 1585 	 1716 	 1403 
474 	 1430 	 1625 	 1597 
475 	 1407 	 1663 	 1568 
476 	 1459 	 1722 	 1580 
477 	 1403 	 1671 	 1495 
478 	 1358 	 1630 	 1488 
479 	 1352 	 1608 	 1357 
480 	 1309 	 1483 	 885 
465 	 2215 	 2999 	 1991 
466 	 2158 	 2993 	 2373 
467 	 2248 	 3130 	 2413 
468 	 2136 	 2978 	 2367 
469 	 2155 	 3106 	 2331 
470 	 2431 	 3502 	 2470 
471 	 2808 	 3174 	 2286 
472 	 2145 	 2590 	 2139 
473 	 1585 	 2025 	 1889 
474 	 1430 	 1893 	 1738 
475 	 1407 	 1912 	 1639 
476 	 1459 	 1911 	 1638 
477 	 1403 	 1810 	 1533 
478 	 1358 	 1753 	 1528 
479 	 1352 	 1732 	 1405 
480 	 1309 	 1590 	 1000 
481 	 1275 	 1164 	 909 
482 	 1269 	 1147 	 598 
483 	 1322 	 1165 	 889 
484 	 1255 	 1144 	 539 
481 	 1275 	 1246 	 1005 
482 	 1269 	 1273 	 1248 
483 	 1322 	 1328 	 1180 
484 	 1255 	 1289 	 636 
485 	 1205 	 1032 	 758 
486 	 1208 	 1125 	 449 
487 	 1264 	 1113 	 826 
488 	 1218 	 1251 	 548 
485 	 1205 	 1070 	 859 
486 	 1208 	 1165 	 1070 
487 	 1264 	 1332 	 1097 
488 	 1218 	 1378 	 643 
481 	 1275 	 1327 	 1062 
482 	 1269 	 1355 	 1289 
483 	 1322 	 1415 	 1252 
484 	 1255 	 1392 	 1207 
485 	 1205 	 1298 	 1138 
486 	 1208 	 1320 	 1151 
487 	 1264 	 1439 	 1158 
488 	 1218 	 1443 	 740 
489 	 1220 	 1133 	 920 
490 	 1248 	 1273 	 597 
491 	 1218 	 1165 	 895 
492 	 1214 	 1247 	 552 
489 	 1220 	 1191 	 998 
490 	 1248 	 1328 	 1344 
491 	 1218 	 1430 	 1273 
492 	 1214 	 1472 	 723 
493 	 1156 	 1131 	 962 
494 	 1120 	 1133 	 551 
495 	 1008 	 954 	 886 
496 	 971 	 988 	 517 
493 	 1156 	 1171 	 1041 
494 	 1120 	 1163 	 1332 
495 	 1008 	 1141 	 1222 
496 	 971 	 1164 	 690 
489 	 1220 	 1318 	 1079 
490 	 1248 	 1463 	 1414 
491 	 1218 	 1548 	 1363 
492 	 1214 	 1570 	 1368 
493 	 1156 	 1526 	 1345 
494 	 1120 	 1451 	 1414 
495 	 1008 	 1333 	 1262 
496 	 971 	 1305 	 775 
481 	 1275 	 1486 	 1123 
482 	 1269 	 1500 	 1329 
483 	 1322 	 1579 	 1299 
484 	 1255 	 1573 	 1251 
485 	 1205 	 1491 	 1186 
486 	 1208 	 1525 	 1194 
487 	 1264 	 1665 	 1249 
488 	 1218 	 1641 	 1391 
489 	 1220 	 1635 	 1378 
490 	 1248 	 1738 	 1493 
491 	 1218 	 1686 	 1401 
492 	 1214 	 1702 	 1394 
493 	 1156 	 1638 	 1372 
494 	 1120 	 1580 	 1428 
495 	 1008 	 1433 	 1287 
496 	 971 	 1372 	 847 
497 	 1045 	 1004 	 939 
498 	 1022 	 1014 	 527 
499 	 805 	 772 	 720 
500 	 771 	 732 	 411 
497 	 1045 	 1046 	 1006 
498 	 1022 	 1074 	 1065 
499 	 805 	 963 	 974 
500 	 771 	 1027 	 584 
501 	 889 	 835 	 784 
502 	 776 	 725 	 564 
503 	 777 	 740 	 793 
504 	 708 	 660 	 477 
501 	 889 	 906 	 855 
502 	 776 	 789 	 1039 
503 	 777 	 822 	 1064 
504 	 708 	 759 	 658 
497 	 1045 	 1168 	 1065 
498 	 1022 	 1211 	 1103 
499 	 805 	 1095 	 1028 
500 	 771 	 1165 	 1021 
501 	 889 	 1106 	 1096 
502 	 776 	 982 	 1107 
503 	 777 	 978 	 1116 
504 	 708 	 856 	 754 
505 	 638 	 602 	 619 
506 	 502 	 495 	 452 
507 	 477 	 453 	 542 
508 	 388 	 377 	 327 
505 	 638 	 638 	 686 
506 	 502 	 520 	 767 
507 	 477 	 500 	 720 
508 	 388 	 408 	 439 
509 	 334 	 329 	 426 
510 	 282 	 268 	 233 
511 	 231 	 227 	 371 
512 	 266 	 251 	 195 
509 	 334 	 336 	 460 
510 	 282 	 281 	 438 
511 	 231 	 238 	 463 
512 	 266 	 273 	 318 
505 	 638 	 691 	 701 
506 	 502 	 542 	 783 
507 	 477 	 523 	 737 
508 	 388 	 442 	 665 
509 	 334 	 383 	 603 
510 	 282 	 326 	 482 
511 	 231 	 282 	 492 
512 	 266 	 318 	 377 
497 	 1045 	 1266 	 1090 
498 	 1022 	 1308 	 1113 
499 	 805 	 1187 	 1038 
500 	 771 	 1254 	 1035 
501 	 889 	 1217 	 1117 
502 	 776 	 1105 	 1125 
503 	 777 	 1105 	 1163 
504 	 708 	 976 	 1073 
505 	 638 	 954 	 880 
506 	 502 	 762 	 841 
507 	 477 	 665 	 761 
508 	 388 	 500 	 686 
509 	 334 	 420 	 612 
510 	 282 	 355 	 491 
511 	 231 	 318 	 499 
512 	 266 	 363 	 423 
513 	 278 	 260 	 425 
514 	 282 	 274 	 243 
515 	 291 	 278 	 402 
516 	 242 	 235 	 269 
513 	 278 	 270 	 476 
514 	 282 	 285 	 546 
515 	 291 	 296 	 516 
516 	 242 	 254 	 344 
517 	 248 	 228 	 333 
518 	 212 	 199 	 229 
519 	 225 	 208 	 357 
520 	 234 	 217 	 198 
517 	 248 	 245 	 381 
518 	 212 	 218 	 377 
519 	 225 	 225 	 470 
520 	 234 	 230 	 263 
513 	 278 	 293 	 490 
514 	 282 	 306 	 565 
515 	 291 	 315 	 543 
516 	 242 	 271 	 514 
517 	 248 	 281 	 482 
518 	 212 	 257 	 414 
519 	 225 	 275 	 494 
520 	 234 	 267 	 334 
521 	 254 	 242 	 436 
522 	 283 	 273 	 223 
523 	 298 	 296 	 446 
524 	 273 	 256 	 306 
521 	 254 	 258 	 492 
522 	 283 	 291 	 542 
523 	 298 	 306 	 545 
524 	 273 	 268 	 402 
525 	 287 	 265 	 494 
526 	 252 	 251 	 289 
527 	 247 	 239 	 346 
528 	 226 	 225 	 228 
525 	 287 	 274 	 548 
526 	 252 	 262 	 545 
527 	 247 	 257 	 475 
528 	 226 	 239 	 314 
521 	 254 	 266 	 523 
522 	 283 	 304 	 575 
523 	 298 	 319 	 567 
524 	 273 	 283 	 680 
525 	 287 	 292 	 657 
526 	 252 	 277 	 592 
527 	 247 	 269 	 513 
528 	 226 	 253 	 396 
513 	 278 	 311 	 510 
514 	 282 	 319 	 581 
515 	 291 	 334 	 552 
516 	 242 	 304 	 526 
517 	 248 	 307 	 502 
518 	 212 	 281 	 423 
519 	 225 	 303 	 523 
520 	 234 	 298 	 510 
521 	 254 	 307 	 590 
522 	 283 	 340 	 611 
523 	 298 	 359 	 593 
524 	 273 	 318 	 692 
525 	 287 	 332 	 667 
526 	 252 	 314 	 604 
527 	 247 	 293 	 520 
528 	 226 	 284 	 420 
529 	 195 	 188 	 313 
530 	 188 	 188 	 155 
531 	 177 	 171 	 238 
532 	 193 	 186 	 115 
529 	 195 	 192 	 338 
530 	 188 	 197 	 301 
531 	 177 	 175 	 320 
532 	 193 	 191 	 178 
533 	 190 	 184 	 251 
534 	 196 	 193 	 154 
535 	 199 	 194 	 302 
536 	 226 	 223 	 173 
533 	 190 	 185 	 279 
534 	 196 	 194 	 346 
535 	 199 	 197 	 368 
536 	 226 	 224 	 244 
529 	 195 	 193 	 347 
530 	 188 	 198 	 313 
531 	 177 	 179 	 338 
532 	 193 	 195 	 340 
533 	 190 	 203 	 344 
534 	 196 	 210 	 383 
535 	 199 	 207 	 397 
536 	 226 	 234 	 277 
537 	 271 	 261 	 422 
538 	 253 	 248 	 221 
539 	 221 	 220 	 325 
540 	 227 	 205 	 176 
537 	 271 	 267 	 479 
538 	 253 	 253 	 517 
539 	 221 	 222 	 427 
540 	 227 	 208 	 271 
541 	 217 	 194 	 316 
542 	 206 	 202 	 177 
543 	 202 	 193 	 327 
544 	 187 	 172 	 149 
541 	 217 	 204 	 375 
542 	 206 	 212 	 401 
543 	 202 	 207 	 400 
544 	 187 	 188 	 227 
537 	 271 	 271 	 491 
538 	 253 	 263 	 548 
539 	 221 	 237 	 454 
540 	 227 	 226 	 466 
541 	 217 	 217 	 458 
542 	 206 	 228 	 428 
543 	 202 	 220 	 415 
544 	 187 	 197 	 283 
529 	 195 	 197 	 361 
530 	 188 	 201 	 325 
531 	 177 	 181 	 348 
532 	 193 	 196 	 359 
533 	 190 	 204 	 357 
534 	 196 	 211 	 407 
535 	 199 	 211 	 419 
536 	 226 	 241 	 460 
537 	 271 	 282 	 555 
538 	 253 	 274 	 600 
539 	 221 	 252 	 469 
540 	 227 	 242 	 477 
541 	 217 	 232 	 474 
542 	 206 	 246 	 432 
543 	 202 	 231 	 422 
544 	 187 	 209 	 295 
545 	 200 	 181 	 330 
546 	 138 	 128 	 157 
547 	 131 	 117 	 239 
548 	 150 	 142 	 133 
545 	 200 	 191 	 364 
546 	 138 	 142 	 335 
547 	 131 	 142 	 309 
548 	 150 	 162 	 188 
549 	 136 	 122 	 209 
550 	 110 	 101 	 116 
551 	 110 	 102 	 193 
552 	 105 	 105 	 114 
549 	 136 	 133 	 239 
550 	 110 	 115 	 266 
551 	 110 	 113 	 242 
552 	 105 	 122 	 176 
545 	 200 	 201 	 375 
546 	 138 	 155 	 348 
547 	 131 	 163 	 317 
548 	 150 	 181 	 384 
549 	 136 	 161 	 309 
550 	 110 	 145 	 288 
551 	 110 	 141 	 250 
552 	 105 	 154 	 217 
553 	 101 	 93 	 183 
554 	 91 	 89 	 99 
555 	 81 	 79 	 120 
556 	 73 	 70 	 61 
553 	 101 	 104 	 198 
554 	 91 	 98 	 228 
555 	 81 	 88 	 170 
556 	 73 	 84 	 87 
557 	 79 	 75 	 164 
558 	 86 	 80 	 56 
559 	 50 	 44 	 102 
560 	 43 	 35 	 53 
557 	 79 	 77 	 178 
558 	 86 	 81 	 147 
559 	 50 	 51 	 123 
560 	 43 	 42 	 90 
553 	 101 	 108 	 224 
554 	 91 	 101 	 246 
555 	 81 	 93 	 186 
556 	 73 	 91 	 186 
557 	 79 	 95 	 201 
558 	 86 	 103 	 160 
559 	 50 	 71 	 131 
560 	 43 	 58 	 97 
545 	 200 	 211 	 382 
546 	 138 	 166 	 351 
547 	 131 	 168 	 317 
548 	 150 	 181 	 387 
549 	 136 	 164 	 313 
550 	 110 	 153 	 289 
551 	 110 	 144 	 259 
552 	 105 	 158 	 353 
553 	 101 	 152 	 273 
554 	 91 	 146 	 260 
555 	 81 	 141 	 191 
556 	 73 	 133 	 192 
557 	 79 	 127 	 203 
558 	 86 	 117 	 166 
559 	 50 	 79 	 130 
560 	 43 	 68 	 109 
561 	 26 	 24 	 59 
562 	 21 	 21 	 36 
563 	 15 	 15 	 69 
564 	 10 	 10 	 11 
561 	 26 	 25 	 62 
562 	 21 	 23 	 87 
563 	 15 	 16 	 90 
564 	 10 	 13 	 40 
565 	 13 	 13 	 28 
566 	 7 	 7 	 13 
565 	 13 	 13 	 28 
566 	 7 	 7 	 13 
567 	 0 	 0 	 1 
568 	 0 	 0 	 1 
561 	 26 	 27 	 66 
562 	 21 	 25 	 92 
563 	 15 	 20 	 91 
564 	 10 	 13 	 58 
565 	 13 	 15 	 35 
566 	 7 	 8 	 19 
567 	 0 	 0 	 1 
568 	 0 	 0 	 1 
561 	 26 	 27 	 66 
562 	 21 	 25 	 92 
563 	 15 	 20 	 91 
564 	 10 	 13 	 58 
565 	 13 	 15 	 35 
566 	 7 	 8 	 19 
567 	 0 	 0 	 1 
568 	 0 	 0 	 1 
569 	 0 	 0 	 1 
570 	 0 	 0 	 1 
571 	 0 	 0 	 1 
572 	 0 	 0 	 1 
573 	 0 	 0 	 1 
574 	 0 	 0 	 1 
575 	 0 	 0 	 1 
576 	 0 	 0 	 1 
